update,mean_intval,Hist_-1,Hist_-0.9,Hist_-0.8,Hist_-0.7,Hist_-0.6,Hist_-0.5,Hist_-0.4,Hist_-0.3,Hist_-0.2,Hist_-0.1,Hist_0.0,Hist_0.1,Hist_0.2,Hist_0.3,Hist_0.4,Hist_0.5,Hist_0.6,Hist_0.7,Hist_0.8,Hist_0.9
0,0.0176042,15,16,29,13,18,19,26,17,22,20,19,28,13,29,18,16,17,25,19,21
10,0.459009,0,1,0,0,3,3,3,6,0,0,6,84,24,66,18,26,46,49,45,20
20,0.482895,0,0,0,0,0,0,0,1,0,0,34,38,27,86,53,17,34,40,38,32
30,0.545283,0,0,0,0,0,0,0,0,0,0,12,9,19,111,77,7,50,25,28,62
40,0.485443,0,0,0,0,0,0,0,0,0,0,4,5,49,145,85,8,25,16,5,58
50,0.442859,0,0,0,0,0,0,0,0,0,0,1,1,96,128,88,18,9,15,9,35
60,0.414619,0,0,0,0,0,0,0,0,0,0,2,13,99,83,103,53,13,29,3,2
70,0.420291,0,0,0,0,0,0,0,0,0,0,0,25,105,84,92,24,7,53,9,1
80,0.420306,0,0,0,0,0,0,0,0,0,0,0,8,113,115,76,5,24,44,13,2
90,0.468646,0,0,0,0,0,0,0,0,0,0,0,16,96,81,70,3,32,84,18,0
100,0.48523,0,0,0,0,0,0,0,0,0,0,0,18,75,85,61,10,50,84,12,5
110,0.517679,0,0,0,0,0,0,0,0,0,0,0,11,43,83,86,16,60,73,17,11
120,0.552475,0,0,0,0,0,0,0,0,0,0,0,22,27,78,62,10,63,89,37,12
130,0.596998,0,0,0,0,0,0,0,0,0,0,5,20,15,87,27,5,44,117,48,32
140,0.576347,0,0,0,0,0,0,0,0,0,0,3,47,8,52,55,5,43,129,29,29
150,0.619884,0,0,0,0,0,0,0,0,0,0,4,27,25,30,53,13,32,128,39,49
160,0.57833,0,0,0,0,0,0,0,0,0,0,2,50,41,46,36,2,24,112,40,47
170,0.456108,0,0,0,0,0,0,0,0,0,0,7,66,74,68,54,0,13,57,33,28
180,0.446655,0,0,0,0,0,0,0,0,0,0,2,50,85,101,33,3,16,66,33,11
190,0.443829,0,0,0,0,0,0,0,0,0,0,5,26,59,147,58,0,22,44,32,7
200,0.395244,0,0,0,0,0,0,0,0,0,0,5,8,71,172,85,2,18,35,4,0
210,0.426594,0,0,0,0,0,0,0,0,0,0,0,3,52,158,126,5,12,34,10,0
220,0.438441,0,0,0,0,0,0,0,0,0,0,0,0,49,142,127,40,11,11,16,4
230,0.416494,0,0,0,0,0,0,0,0,0,0,0,2,32,138,161,55,10,0,0,2
240,0.436118,0,0,0,0,0,0,0,0,0,0,0,5,12,114,195,66,8,0,0,0
250,0.461945,0,0,0,0,0,0,0,0,0,0,0,3,1,85,214,59,38,0,0,0
260,0.491346,0,0,0,0,0,0,0,0,0,0,0,0,1,63,169,119,40,8,0,0
270,0.48659,0,0,0,0,0,0,0,0,0,0,0,0,0,69,163,128,33,7,0,0
280,0.51185,0,0,0,0,0,0,0,0,0,0,0,0,0,61,105,159,63,12,0,0
290,0.561831,0,0,0,0,0,0,0,0,0,0,0,0,1,19,91,140,107,42,0,0
300,0.569796,0,0,0,0,0,0,0,0,0,0,0,0,2,22,88,102,150,36,0,0
310,0.561138,0,0,0,0,0,0,0,0,0,0,0,0,6,7,76,165,127,19,0,0
320,0.548497,0,0,0,0,0,0,0,0,0,0,0,1,13,23,89,125,132,17,0,0
330,0.560708,0,0,0,0,0,0,0,0,0,0,0,0,4,13,107,117,149,10,0,0
340,0.539935,0,0,0,0,0,0,0,0,0,0,0,1,10,8,144,96,129,12,0,0
350,0.51206,0,0,0,0,0,0,0,0,0,0,0,6,1,38,164,95,82,14,0,0
360,0.519795,0,0,0,0,0,0,0,0,0,0,0,13,4,52,123,76,99,33,0,0
370,0.502664,0,0,0,0,0,0,0,0,0,0,0,44,19,20,98,72,110,37,0,0
380,0.576976,0,0,0,0,0,0,0,0,0,0,1,29,6,9,59,39,199,58,0,0
390,0.595736,0,0,0,0,0,0,0,0,0,0,0,2,1,10,74,73,184,53,3,0
400,0.639507,0,0,0,0,0,0,0,0,0,0,0,0,0,7,74,59,129,77,54,0
410,0.646499,0,0,0,0,0,0,0,0,0,0,0,0,0,3,82,66,101,91,48,9
420,0.667107,0,0,0,0,0,0,0,0,0,0,0,0,0,27,58,41,93,75,81,25
430,0.681753,0,0,0,0,0,0,0,0,0,0,0,0,0,6,82,67,39,56,128,22
440,0.643346,0,0,0,0,0,0,0,0,0,0,0,0,0,16,122,41,47,63,93,18
450,0.606139,0,0,0,0,0,0,0,0,0,0,0,0,0,71,100,22,56,77,40,34
460,0.585546,0,0,0,0,0,0,0,0,0,0,0,0,0,92,110,35,26,49,40,48
470,0.561527,0,0,0,0,0,0,0,0,0,0,0,0,2,86,142,55,17,3,38,57
480,0.552075,0,0,0,0,0,0,0,0,0,0,0,0,3,85,157,49,10,13,36,47
490,0.469691,0,0,0,0,0,0,0,0,0,0,0,0,3,65,222,81,23,1,4,1
500,0.490658,0,0,0,0,0,0,0,0,0,0,0,0,0,33,209,119,39,0,0,0
510,0.487195,0,0,0,0,0,0,0,0,0,0,0,0,1,62,187,87,62,1,0,0
520,0.462431,0,0,0,0,0,0,0,0,0,0,0,0,33,94,126,96,49,2,0,0
530,0.453986,0,0,0,0,0,0,0,0,0,0,0,3,45,62,151,82,57,0,0,0
540,0.406854,0,0,0,0,0,0,0,0,0,0,0,5,62,90,177,59,7,0,0,0
550,0.421067,0,0,0,0,0,0,0,0,0,0,0,23,46,93,146,51,41,0,0,0
560,0.416036,0,0,0,0,0,0,0,0,0,0,1,34,50,63,155,61,35,1,0,0
570,0.43195,0,0,0,0,0,0,0,0,0,0,2,51,47,37,125,62,68,8,0,0
580,0.41121,0,0,0,0,0,0,0,0,0,0,9,68,56,49,95,39,57,27,0,0
590,0.397814,0,0,0,0,0,0,0,0,0,0,3,33,97,54,121,51,24,17,0,0
600,0.407867,0,0,0,0,0,0,0,0,0,0,1,41,86,47,122,68,5,25,5,0
610,0.430039,0,0,0,0,0,0,0,0,0,0,1,41,77,62,89,58,19,42,11,0
620,0.441394,0,0,0,0,0,0,0,0,0,0,0,31,82,61,83,64,33,35,11,0
630,0.490226,0,0,0,0,0,0,0,0,0,0,0,15,64,80,73,38,48,64,17,1
640,0.511428,0,0,0,0,0,0,0,0,0,0,0,10,63,76,66,44,11,103,27,0
650,0.527343,0,0,0,0,0,0,0,0,0,0,0,3,54,79,45,78,20,80,41,0
660,0.444353,0,0,0,0,0,0,0,0,0,0,0,16,82,92,45,90,18,51,6,0
670,0.404636,0,0,0,0,0,0,0,0,0,0,0,29,133,90,27,36,44,29,12,0
680,0.415011,0,0,0,0,0,0,0,0,0,0,0,20,109,114,45,22,46,32,12,0
690,0.385172,0,0,0,0,0,0,0,0,0,0,4,37,128,100,41,20,42,11,17,0
700,0.351907,0,0,0,0,0,0,0,0,0,0,0,57,118,110,62,12,21,4,12,4
710,0.307605,0,0,0,0,0,0,0,0,0,0,12,75,146,100,40,5,0,0,21,1
720,0.273705,0,0,0,0,0,0,0,0,0,0,15,78,184,88,23,0,0,0,12,0
730,0.273279,0,0,0,0,0,0,0,0,0,0,13,87,194,72,16,0,0,1,17,0
740,0.245714,0,0,0,0,0,0,0,0,0,0,15,83,221,74,6,0,0,0,1,0
750,0.26055,0,0,0,0,0,0,0,0,0,0,16,48,231,94,11,0,0,0,0,0
760,0.282055,0,0,0,0,0,0,0,0,0,0,1,54,188,127,26,4,0,0,0,0
770,0.293175,0,0,0,0,0,0,0,0,0,0,5,62,166,111,42,14,0,0,0,0
780,0.269473,0,0,0,0,0,0,0,0,0,0,0,64,227,82,20,7,0,0,0,0
790,0.260343,0,0,0,0,0,0,0,0,0,0,5,102,187,81,24,1,0,0,0,0
800,0.279054,0,0,0,0,0,0,0,0,0,0,1,70,201,74,51,3,0,0,0,0
810,0.290811,0,0,0,0,0,0,0,0,0,0,8,62,184,50,90,6,0,0,0,0
820,0.281196,0,0,0,0,0,0,0,0,0,0,0,98,178,52,50,22,0,0,0,0
830,0.242321,0,0,0,0,0,0,0,0,0,0,0,139,192,44,20,4,1,0,0,0
840,0.259197,0,0,0,0,0,0,0,0,0,0,5,118,143,105,27,2,0,0,0,0
850,0.292211,0,0,0,0,0,0,0,0,0,0,0,93,136,104,48,19,0,0,0,0
860,0.27161,0,0,0,0,0,0,0,0,0,0,0,87,183,101,25,4,0,0,0,0
870,0.256594,0,0,0,0,0,0,0,0,0,0,10,96,163,112,18,1,0,0,0,0
880,0.262566,0,0,0,0,0,0,0,0,0,0,19,130,82,120,48,1,0,0,0,0
890,0.286414,0,0,0,0,0,0,0,0,0,0,9,98,69,187,36,1,0,0,0,0
900,0.306602,0,0,0,0,0,0,0,0,0,0,13,67,66,204,46,4,0,0,0,0
910,0.277358,0,0,0,0,0,0,0,0,0,0,40,71,82,158,47,2,0,0,0,0
920,0.287235,0,0,0,0,0,0,0,0,0,9,23,73,59,183,53,0,0,0,0,0
930,0.288927,0,0,0,0,0,0,0,0,0,2,12,96,62,170,56,2,0,0,0,0
940,0.243197,0,0,0,0,0,0,0,0,0,0,14,159,91,117,16,3,0,0,0,0
950,0.238105,0,0,0,0,0,0,0,0,0,0,30,141,97,108,24,0,0,0,0,0
960,0.261222,0,0,0,0,0,0,0,0,0,0,33,89,96,158,24,0,0,0,0,0
970,0.292314,0,0,0,0,0,0,0,0,0,1,21,50,145,115,68,0,0,0,0,0
980,0.29956,0,0,0,0,0,0,0,0,0,0,26,67,104,107,80,16,0,0,0,0
990,0.330357,0,0,0,0,0,0,0,0,0,0,15,32,118,117,99,19,0,0,0,0
1000,0.349114,0,0,0,0,0,0,0,0,0,0,0,46,60,186,66,40,2,0,0,0
1010,0.356324,0,0,0,0,0,0,0,0,0,0,0,11,111,165,66,43,4,0,0,0
1020,0.355033,0,0,0,0,0,0,0,0,0,0,0,3,110,163,110,14,0,0,0,0
1030,0.373587,0,0,0,0,0,0,0,0,0,0,0,8,78,159,125,27,3,0,0,0
1040,0.374478,0,0,0,0,0,0,0,0,0,0,0,16,43,199,110,26,6,0,0,0
1050,0.395956,0,0,0,0,0,0,0,0,0,0,0,7,66,165,102,16,41,3,0,0
1060,0.374618,0,0,0,0,0,0,0,0,0,0,0,12,75,170,111,10,19,3,0,0
1070,0.391034,0,0,0,0,0,0,0,0,0,0,0,7,90,101,150,31,21,0,0,0
1080,0.38994,0,0,0,0,0,0,0,0,0,0,0,21,70,127,130,16,35,1,0,0
1090,0.339363,0,0,0,0,0,0,0,0,0,0,4,42,104,104,120,18,8,0,0,0
1100,0.331682,0,0,0,0,0,0,0,0,0,0,13,53,126,75,86,29,18,0,0,0
1110,0.304297,0,0,0,0,0,0,0,0,0,0,29,86,98,77,49,54,7,0,0,0
1120,0.331276,0,0,0,0,0,0,0,0,0,0,20,66,117,56,53,87,1,0,0,0
1130,0.328625,0,0,0,0,0,0,0,0,0,0,39,66,68,73,88,63,3,0,0,0
1140,0.367632,0,0,0,0,0,0,0,0,0,1,58,61,12,35,103,107,23,0,0,0
1150,0.353968,0,0,0,0,0,0,0,0,0,0,73,69,0,34,104,102,18,0,0,0
1160,0.370843,0,0,0,0,0,0,0,0,0,0,40,90,11,39,74,114,32,0,0,0
1170,0.364724,0,0,0,0,0,0,0,0,0,1,24,95,30,33,114,58,45,0,0,0
1180,0.355281,0,0,0,0,0,0,0,0,0,0,26,91,27,51,126,55,24,0,0,0
1190,0.348982,0,0,0,0,0,0,0,0,0,0,51,76,13,53,116,69,17,5,0,0
1200,0.282802,0,0,0,0,0,0,0,0,0,0,70,111,16,75,94,23,11,0,0,0
1210,0.275527,0,0,0,0,0,0,0,0,0,1,52,108,39,80,104,15,1,0,0,0
1220,0.277452,0,0,0,0,0,0,0,0,0,7,42,129,24,69,110,19,0,0,0,0
1230,0.32445,0,0,0,0,0,0,0,0,0,0,25,119,37,24,139,56,0,0,0,0
1240,0.278661,0,0,0,0,0,0,0,0,0,0,55,129,48,28,91,47,2,0,0,0
1250,0.302721,0,0,0,0,0,0,0,0,0,1,41,101,85,34,69,61,8,0,0,0
1260,0.315061,0,0,0,0,0,0,0,0,0,0,87,77,37,20,63,105,11,0,0,0
1270,0.263078,0,0,0,0,0,0,0,0,0,3,133,103,10,20,25,84,22,0,0,0
1280,0.259988,0,0,0,0,0,0,0,0,0,0,121,119,16,17,23,75,29,0,0,0
1290,0.326112,0,0,0,0,0,0,0,0,0,5,99,85,12,27,26,78,63,5,0,0
1300,0.401804,0,0,0,0,0,0,0,0,0,0,52,66,16,36,41,106,79,4,0,0
1310,0.429319,0,0,0,0,0,0,0,0,0,0,32,57,9,61,61,73,96,11,0,0
1320,0.375491,0,0,0,0,0,0,0,0,0,1,38,94,22,43,46,83,68,5,0,0
1330,0.356843,0,0,0,0,0,0,0,0,0,0,80,102,12,22,27,51,71,35,0,0
1340,0.370766,0,0,0,0,0,0,0,0,0,1,72,90,13,37,22,61,71,32,1,0
1350,0.404744,0,0,0,0,0,0,0,0,0,0,58,94,10,19,12,86,81,40,0,0
1360,0.492552,0,0,0,0,0,0,0,0,0,1,50,42,4,0,15,123,106,58,1,0
1370,0.528669,0,0,0,0,0,0,0,0,0,3,36,18,0,0,25,131,160,25,2,0
1380,0.536902,0,0,0,0,0,0,0,0,0,3,20,18,0,0,50,130,168,11,0,0
1390,0.5615,0,0,0,0,0,0,0,0,0,0,4,14,0,7,60,132,161,22,0,0
1400,0.545034,0,0,0,0,0,0,0,0,0,0,0,11,0,54,71,90,157,17,0,0
1410,0.532476,0,0,0,0,0,0,0,0,0,0,0,0,14,91,63,58,135,39,0,0
1420,0.548257,0,0,0,0,0,0,0,0,0,0,0,0,8,77,68,58,144,45,0,0
1430,0.524848,0,0,0,0,0,0,0,0,0,0,0,2,39,38,92,88,115,20,6,0
1440,0.497613,0,0,0,0,0,0,0,0,0,0,0,0,45,29,101,155,61,7,2,0
1450,0.529387,0,0,0,0,0,0,0,0,0,0,0,0,10,39,104,133,110,4,0,0
1460,0.532106,0,0,0,0,0,0,0,0,0,0,0,0,12,45,65,173,93,12,0,0
1470,0.527353,0,0,0,0,0,0,0,0,0,0,0,0,12,42,116,128,62,40,0,0
1480,0.558844,0,0,0,0,0,0,0,0,0,0,0,0,0,37,74,158,85,46,0,0
1490,0.587616,0,0,0,0,0,0,0,0,0,0,0,0,0,51,45,93,151,45,15,0
1500,0.610484,0,0,0,0,0,0,0,0,0,0,0,0,2,34,53,90,116,75,22,8
1510,0.604881,0,0,0,0,0,0,0,0,0,0,0,0,2,29,80,104,56,67,61,1
1520,0.644174,0,0,0,0,0,0,0,0,0,0,0,0,1,16,82,68,55,92,83,3
1530,0.644337,0,0,0,0,0,0,0,0,0,0,0,0,1,1,96,91,48,78,67,18
1540,0.669003,0,0,0,0,0,0,0,0,0,0,0,0,0,2,45,108,91,76,29,49
1550,0.66127,0,0,0,0,0,0,0,0,0,0,0,0,0,3,71,81,114,45,32,54
1560,0.619597,0,0,0,0,0,0,0,0,0,0,0,0,0,2,82,145,83,21,28,39
1570,0.612656,0,0,0,0,0,0,0,0,0,0,0,0,0,24,61,133,96,27,40,19
1580,0.611392,0,0,0,0,0,0,0,0,0,0,0,0,1,15,61,134,95,47,40,7
1590,0.619442,0,0,0,0,0,0,0,0,0,0,0,0,0,19,53,121,82,77,48,0
1600,0.669837,0,0,0,0,0,0,0,0,0,0,0,0,0,4,41,103,69,92,87,4
1610,0.696452,0,0,0,0,0,0,0,0,0,0,0,0,0,0,9,110,98,83,86,14
1620,0.728249,0,0,0,0,0,0,0,0,0,0,0,0,0,0,16,92,71,61,110,50
1630,0.725653,0,0,0,0,0,0,0,0,0,0,0,0,0,16,36,41,73,58,122,54
1640,0.705585,0,0,0,0,0,0,0,0,0,0,0,0,0,19,51,22,109,48,92,59
1650,0.700154,0,0,0,0,0,0,0,0,0,0,0,0,0,13,73,21,84,69,82,58
1660,0.724281,0,0,0,0,0,0,0,0,0,0,0,0,0,13,49,36,85,52,78,87
1670,0.72906,0,0,0,0,0,0,0,0,0,0,0,0,0,8,28,29,95,91,104,45
1680,0.725863,0,0,0,0,0,0,0,0,0,0,0,0,0,4,20,52,95,106,67,56
1690,0.71711,0,0,0,0,0,0,0,0,0,0,0,0,0,0,45,53,81,103,59,59
1700,0.673098,0,0,0,0,0,0,0,0,0,0,0,0,0,5,87,75,70,35,46,82
1710,0.636408,0,0,0,0,0,0,0,0,0,0,0,0,0,21,96,99,66,20,20,78
1720,0.609299,0,0,0,0,0,0,0,0,0,0,0,0,4,31,140,77,33,5,20,90
1730,0.613421,0,0,0,0,0,0,0,0,0,0,0,0,5,38,147,63,15,10,34,88
1740,0.614854,0,0,0,0,0,0,0,0,0,0,0,0,10,75,113,44,9,16,25,108
1750,0.697982,0,0,0,0,0,0,0,0,0,0,0,0,2,61,79,31,10,37,29,151
1760,0.656033,0,0,0,0,0,0,0,0,0,0,0,0,2,68,84,67,9,6,38,126
1770,0.633733,0,0,0,0,0,0,0,0,0,0,0,0,7,46,108,83,16,3,37,100
1780,0.619464,0,0,0,0,0,0,0,0,0,0,0,0,26,70,92,38,22,0,57,95
1790,0.66289,0,0,0,0,0,0,0,0,0,0,0,0,22,44,97,19,51,1,34,132
1800,0.595944,0,0,0,0,0,0,0,0,0,0,0,4,49,55,93,26,21,12,63,77
1810,0.532916,0,0,0,0,0,0,0,0,0,0,0,3,63,65,134,17,4,5,59,50
1820,0.551208,0,0,0,0,0,0,0,0,0,0,0,15,57,96,61,20,0,36,60,55
1830,0.638766,0,0,0,0,0,0,0,0,0,0,0,10,41,59,28,52,4,33,103,70
1840,0.5479,0,0,0,0,0,0,0,0,0,0,1,25,34,71,83,58,3,26,24,75
1850,0.486445,0,0,0,0,0,0,0,0,0,0,5,7,73,58,103,63,21,20,35,15
1860,0.486937,0,0,0,0,0,0,0,0,0,0,0,1,82,72,112,39,14,16,59,5
1870,0.455105,0,0,0,0,0,0,0,0,0,0,0,36,59,63,141,22,9,20,40,10
1880,0.420705,0,0,0,0,0,0,0,0,0,0,1,77,52,57,121,11,12,41,27,1
1890,0.424288,0,0,0,0,0,0,0,0,0,0,4,71,66,84,61,9,20,47,38,0
1900,0.39481,0,0,0,0,0,0,0,0,0,0,12,86,61,94,57,1,12,34,40,3
1910,0.332633,0,0,0,0,0,0,0,0,0,0,54,73,87,87,35,10,7,6,30,11
1920,0.430547,0,0,0,0,0,0,0,0,0,1,70,53,61,51,26,4,11,15,67,41
1930,0.485079,0,0,0,0,0,0,0,0,0,0,81,58,15,22,38,4,18,34,106,24
1940,0.586108,0,0,0,0,0,0,0,0,0,1,71,37,18,18,3,5,6,35,168,38
1950,0.491954,0,0,0,0,0,0,0,0,0,4,90,45,39,16,1,0,17,60,83,45
1960,0.406046,0,0,0,0,0,0,0,0,0,6,104,77,52,8,0,1,16,28,44,64
1970,0.440132,0,0,0,0,0,0,0,0,0,4,100,81,33,11,0,0,8,33,62,68
1980,0.547924,0,0,0,0,0,0,0,0,0,1,38,69,57,15,0,0,3,44,125,48
1990,0.596874,0,0,0,0,0,0,0,0,0,0,17,85,28,3,0,0,8,112,118,29
2000,0.48933,0,0,0,0,0,0,0,0,0,3,58,82,52,0,0,0,10,80,90,25
2010,0.479213,0,0,0,0,0,0,0,0,0,0,42,104,54,6,0,0,28,56,86,24
2020,0.512899,0,0,0,0,0,0,0,0,0,0,20,96,80,1,0,0,23,48,75,57
2030,0.464897,0,0,0,0,0,0,0,0,0,0,44,126,49,3,0,2,21,33,54,68
2040,0.589419,0,0,0,0,0,0,0,0,0,0,50,62,34,16,0,0,3,39,95,101
2050,0.505128,0,0,0,0,0,0,0,0,0,1,51,91,39,26,2,0,2,48,34,106
2060,0.427239,0,0,0,0,0,0,0,0,0,4,80,106,47,5,0,0,12,35,30,81
2070,0.323019,0,0,0,0,0,0,0,0,0,5,147,97,32,12,0,0,16,12,5,74
2080,0.272744,0,0,0,0,0,0,0,0,0,6,137,119,55,2,0,0,6,29,3,43
2090,0.308258,0,0,0,0,0,0,0,0,0,2,132,96,51,8,0,0,12,66,15,18
2100,0.32106,0,0,0,0,0,0,0,0,0,4,77,122,89,0,0,0,29,36,21,22
2110,0.307502,0,0,0,0,0,0,0,0,0,2,96,100,113,1,0,0,4,18,21,45
2120,0.397011,0,0,0,0,0,0,0,0,0,3,45,79,149,18,0,0,1,2,3,100
2130,0.360253,0,0,0,0,0,0,0,0,0,2,27,113,131,47,0,0,0,0,10,70
2140,0.280762,0,0,0,0,0,0,0,0,0,0,9,169,162,20,0,0,0,0,3,37
2150,0.264378,0,0,0,0,0,0,0,0,0,1,28,179,138,18,0,0,0,0,0,36
2160,0.207055,0,0,0,0,0,0,0,0,0,2,64,132,179,12,0,0,0,0,0,11
2170,0.187815,0,0,0,0,0,0,0,0,0,8,55,143,174,20,0,0,0,0,0,0
2180,0.207698,0,0,0,0,0,0,0,0,0,4,38,133,175,50,0,0,0,0,0,0
2190,0.212458,0,0,0,0,0,0,0,0,0,6,78,72,163,80,1,0,0,0,0,0
2200,0.260943,0,0,0,0,0,0,0,0,0,4,34,26,203,124,9,0,0,0,0,0
2210,0.272561,0,0,0,0,0,0,0,0,0,1,35,28,165,146,25,0,0,0,0,0
2220,0.261032,0,0,0,0,0,0,0,0,0,3,25,49,185,129,9,0,0,0,0,0
2230,0.246282,0,0,0,0,0,0,0,0,0,3,16,85,191,97,8,0,0,0,0,0
2240,0.258769,0,0,0,0,0,0,0,0,0,0,20,49,210,109,12,0,0,0,0,0
2250,0.264653,0,0,0,0,0,0,0,0,0,0,26,34,191,136,13,0,0,0,0,0
2260,0.292958,0,0,0,0,0,0,0,0,0,3,17,36,142,156,46,0,0,0,0,0
2270,0.316451,0,0,0,0,0,0,0,0,0,0,6,17,129,192,55,1,0,0,0,0
2280,0.269261,0,0,0,0,0,0,0,0,0,0,20,58,197,75,48,2,0,0,0,0
2290,0.269306,0,0,0,0,0,0,0,0,0,3,28,63,171,81,50,4,0,0,0,0
2300,0.220212,0,0,0,0,0,0,0,0,0,6,81,93,111,73,25,10,1,0,0,0
2310,0.208182,0,0,0,0,0,0,0,0,0,4,89,120,65,102,20,0,0,0,0,0
2320,0.234735,0,0,0,0,0,0,0,0,0,4,91,70,73,127,35,0,0,0,0,0
2330,0.243747,0,0,0,0,0,0,0,0,0,5,78,65,65,152,35,0,0,0,0,0
2340,0.215495,0,0,0,0,0,0,0,0,0,7,127,60,56,121,29,0,0,0,0,0
2350,0.196371,0,0,0,0,0,0,0,0,0,3,155,73,60,55,53,1,0,0,0,0
2360,0.191149,0,0,0,0,0,0,0,0,0,11,149,95,31,42,72,0,0,0,0,0
2370,0.204131,0,0,0,0,0,0,0,0,0,13,137,90,28,51,77,4,0,0,0,0
2380,0.216105,0,0,0,0,0,0,0,0,0,11,86,142,36,52,56,17,0,0,0,0
2390,0.252183,0,0,0,0,0,0,0,0,0,2,71,131,55,44,63,34,0,0,0,0
2400,0.251847,0,0,0,0,0,0,0,0,0,0,47,150,73,35,70,25,0,0,0,0
2410,0.265434,0,0,0,0,0,0,0,0,0,0,37,143,55,63,91,11,0,0,0,0
2420,0.27845,0,0,0,0,0,0,0,0,0,0,36,133,33,95,91,12,0,0,0,0
2430,0.30408,0,0,0,0,0,0,0,0,0,0,25,85,52,131,95,12,0,0,0,0
2440,0.319671,0,0,0,0,0,0,0,0,0,0,7,68,78,147,99,1,0,0,0,0
2450,0.293851,0,0,0,0,0,0,0,0,0,0,27,87,46,177,59,4,0,0,0,0
2460,0.268333,0,0,0,0,0,0,0,0,0,0,25,112,65,142,53,3,0,0,0,0
2470,0.25708,0,0,0,0,0,0,0,0,0,1,75,86,62,89,83,4,0,0,0,0
2480,0.23556,0,0,0,0,0,0,0,0,0,5,64,90,128,69,33,11,0,0,0,0
2490,0.193633,0,0,0,0,0,0,0,0,0,5,91,95,147,53,9,0,0,0,0,0
2500,0.223268,0,0,0,0,0,0,0,0,0,1,43,111,171,74,0,0,0,0,0,0
2510,0.230716,0,0,0,0,0,0,0,0,0,0,17,144,144,92,3,0,0,0,0,0
2520,0.240562,0,0,0,0,0,0,0,0,0,0,22,133,125,96,24,0,0,0,0,0
2530,0.279821,0,0,0,0,0,0,0,0,0,0,36,96,54,135,78,1,0,0,0,0
2540,0.308951,0,0,0,0,0,0,0,0,0,0,51,66,31,125,115,10,2,0,0,0
2550,0.315354,0,0,0,0,0,0,0,0,0,0,32,69,67,96,114,21,1,0,0,0
2560,0.295868,0,0,0,0,0,0,0,0,0,0,34,42,121,133,56,8,6,0,0,0
2570,0.311896,0,0,0,0,0,0,0,0,0,1,58,40,56,132,65,46,2,0,0,0
2580,0.255906,0,0,0,0,0,0,0,0,0,4,140,53,24,56,77,46,0,0,0,0
2590,0.240248,0,0,0,0,0,0,0,0,0,4,111,82,34,80,70,19,0,0,0,0
2600,0.19321,0,0,0,0,0,0,0,0,0,0,139,84,81,64,24,8,0,0,0,0
2610,0.20078,0,0,0,0,0,0,0,0,0,3,104,123,74,62,24,10,0,0,0,0
2620,0.213196,0,0,0,0,0,0,0,0,0,0,52,146,115,73,8,6,0,0,0,0
2630,0.212287,0,0,0,0,0,0,0,0,0,0,46,145,149,31,20,9,0,0,0,0
2640,0.2117,0,0,0,0,0,0,0,0,0,0,33,181,107,68,11,0,0,0,0,0
2650,0.215679,0,0,0,0,0,0,0,0,0,0,13,197,126,48,16,0,0,0,0,0
2660,0.217181,0,0,0,0,0,0,0,0,0,0,9,195,140,35,21,0,0,0,0,0
2670,0.248652,0,0,0,0,0,0,0,0,0,0,11,160,104,70,53,2,0,0,0,0
2680,0.245805,0,0,0,0,0,0,0,0,0,0,6,155,138,58,42,1,0,0,0,0
2690,0.248831,0,0,0,0,0,0,0,0,0,0,7,151,130,65,45,2,0,0,0,0
2700,0.261454,0,0,0,0,0,0,0,0,0,0,7,140,94,113,45,1,0,0,0,0
2710,0.239432,0,0,0,0,0,0,0,0,0,0,29,157,89,84,39,2,0,0,0,0
2720,0.237628,0,0,0,0,0,0,0,0,0,1,42,124,127,64,37,5,0,0,0,0
2730,0.241551,0,0,0,0,0,0,0,0,0,0,38,124,114,91,33,0,0,0,0,0
2740,0.254118,0,0,0,0,0,0,0,0,0,0,23,117,107,130,20,3,0,0,0,0
2750,0.231506,0,0,0,0,0,0,0,0,0,0,21,160,99,107,13,0,0,0,0,0
2760,0.254547,0,0,0,0,0,0,0,0,0,6,30,119,76,125,44,0,0,0,0,0
2770,0.278084,0,0,0,0,0,0,0,0,0,1,25,118,78,85,88,5,0,0,0,0
2780,0.294928,0,0,0,0,0,0,0,0,0,1,31,99,66,77,109,17,0,0,0,0
2790,0.272078,0,0,0,0,0,0,0,0,0,6,11,145,65,81,84,8,0,0,0,0
2800,0.310967,0,0,0,0,0,0,0,0,0,0,17,99,68,80,109,27,0,0,0,0
2810,0.337145,0,0,0,0,0,0,0,0,0,0,29,52,55,87,157,20,0,0,0,0
2820,0.373826,0,0,0,0,0,0,0,0,0,0,12,33,28,126,179,22,0,0,0,0
2830,0.398578,0,0,0,0,0,0,0,0,0,0,11,15,18,131,182,43,0,0,0,0
2840,0.42997,0,0,0,0,0,0,0,0,0,1,0,0,1,118,233,47,0,0,0,0
2850,0.443236,0,0,0,0,0,0,0,0,0,0,0,0,5,102,194,95,4,0,0,0
2860,0.464268,0,0,0,0,0,0,0,0,0,0,0,0,17,89,152,110,32,0,0,0
2870,0.446386,0,0,0,0,0,0,0,0,0,0,0,0,30,96,179,47,39,9,0,0
2880,0.429185,0,0,0,0,0,0,0,0,0,0,0,0,50,91,179,47,30,3,0,0
2890,0.434328,0,0,0,0,0,0,0,0,0,0,0,0,29,132,158,38,33,10,0,0
2900,0.422323,0,0,0,0,0,0,0,0,0,0,0,0,32,180,119,30,31,6,2,0
2910,0.47093,0,0,0,0,0,0,0,0,0,0,0,0,23,111,142,58,30,21,15,0
2920,0.485375,0,0,0,0,0,0,0,0,0,0,0,0,4,99,162,48,65,11,11,0
2930,0.492349,0,0,0,0,0,0,0,0,0,0,0,0,2,104,144,61,61,22,6,0
2940,0.469165,0,0,0,0,0,0,0,0,0,0,0,0,18,116,112,86,54,14,0,0
2950,0.462617,0,0,0,0,0,0,0,0,0,0,0,0,6,102,178,75,24,15,0,0
2960,0.427602,0,0,0,0,0,0,0,0,0,0,0,0,9,143,184,54,10,0,0,0
2970,0.401218,0,0,0,0,0,0,0,0,0,0,0,9,34,146,174,23,14,0,0,0
2980,0.380551,0,0,0,0,0,0,0,0,0,0,0,18,77,140,121,7,37,0,0,0
2990,0.378598,0,0,0,0,0,0,0,0,0,0,0,11,99,133,112,9,36,0,0,0
3000,0.439331,0,0,0,0,0,0,0,0,0,0,0,8,67,131,58,31,97,8,0,0
3010,0.436993,0,0,0,0,0,0,0,0,0,0,0,8,109,92,33,48,95,15,0,0
3020,0.456349,0,0,0,0,0,0,0,0,0,0,0,23,70,72,62,71,81,21,0,0
3030,0.477414,0,0,0,0,0,0,0,0,0,0,0,11,39,79,86,97,68,20,0,0
3040,0.440126,0,0,0,0,0,0,0,0,0,0,1,19,52,75,121,81,50,1,0,0
3050,0.385751,0,0,0,0,0,0,0,0,0,0,37,30,13,90,162,44,23,1,0,0
3060,0.363759,0,0,0,0,0,0,0,0,0,0,53,23,16,131,120,30,25,2,0,0
3070,0.310396,0,0,0,0,0,0,0,0,0,5,96,30,4,107,99,51,8,0,0,0
3080,0.340219,0,0,0,0,0,0,0,0,0,3,75,17,23,114,93,65,10,0,0,0
3090,0.328376,0,0,0,0,0,0,0,0,0,0,57,38,21,154,87,38,5,0,0,0
3100,0.281875,0,0,0,0,0,0,0,0,0,4,58,80,45,104,89,17,3,0,0,0
3110,0.24167,0,0,0,0,0,0,0,0,0,0,49,129,103,44,65,10,0,0,0,0
3120,0.220199,0,0,0,0,0,0,0,0,0,5,79,111,92,66,41,6,0,0,0,0
3130,0.265964,0,0,0,0,0,0,0,0,0,1,76,68,92,66,76,21,0,0,0,0
3140,0.244712,0,0,0,0,0,0,0,0,0,7,74,90,67,93,53,16,0,0,0,0
3150,0.232823,0,0,0,0,0,0,0,0,0,5,104,58,81,101,47,4,0,0,0,0
3160,0.282055,0,0,0,0,0,0,0,0,0,5,49,51,98,111,70,7,9,0,0,0
3170,0.268652,0,0,0,0,0,0,0,0,0,2,66,36,120,108,67,1,0,0,0,0
3180,0.306221,0,0,0,0,0,0,0,0,0,1,57,29,64,146,92,11,0,0,0,0
3190,0.327507,0,0,0,0,0,0,0,0,0,1,64,23,25,139,117,31,0,0,0,0
3200,0.317542,0,0,0,0,0,0,0,0,0,6,56,32,25,166,88,25,2,0,0,0
3210,0.318586,0,0,0,0,0,0,0,0,0,4,43,51,13,168,104,17,0,0,0,0
3220,0.288479,0,0,0,0,0,0,0,0,0,2,38,103,25,140,92,0,0,0,0,0
3230,0.297595,0,0,0,0,0,0,0,0,0,1,34,96,16,148,100,5,0,0,0,0
3240,0.291417,0,0,0,0,0,0,0,0,0,0,20,112,57,105,106,0,0,0,0,0
3250,0.248072,0,0,0,0,0,0,0,0,0,0,28,169,51,67,84,1,0,0,0,0
3260,0.275039,0,0,0,0,0,0,0,0,0,0,56,104,40,82,115,3,0,0,0,0
3270,0.272311,0,0,0,0,0,0,0,0,0,1,51,74,84,105,85,0,0,0,0,0
3280,0.28703,0,0,0,0,0,0,0,0,0,1,28,64,79,174,54,0,0,0,0,0
3290,0.307789,0,0,0,0,0,0,0,0,0,0,4,84,66,153,93,0,0,0,0,0
3300,0.304318,0,0,0,0,0,0,0,0,0,0,18,69,60,184,69,0,0,0,0,0
3310,0.316108,0,0,0,0,0,0,0,0,0,0,10,67,69,181,58,15,0,0,0,0
3320,0.279077,0,0,0,0,0,0,0,0,0,2,46,56,80,148,68,0,0,0,0,0
3330,0.260332,0,0,0,0,0,0,0,0,0,2,74,43,94,136,48,3,0,0,0,0
3340,0.262028,0,0,0,0,0,0,0,0,0,6,57,53,107,128,42,7,0,0,0,0
3350,0.31487,0,0,0,0,0,0,0,0,0,3,23,24,97,186,52,15,0,0,0,0
3360,0.291196,0,0,0,0,0,0,0,0,3,5,62,28,96,89,107,10,0,0,0,0
3370,0.265551,0,0,0,0,0,0,0,0,0,4,57,55,151,40,68,25,0,0,0,0
3380,0.264521,0,0,0,0,0,0,0,0,0,11,55,54,142,41,86,11,0,0,0,0
3390,0.236664,0,0,0,0,0,0,0,0,0,0,81,93,98,63,53,12,0,0,0,0
3400,0.252758,0,0,0,0,0,0,0,0,0,0,69,74,111,64,80,2,0,0,0,0
3410,0.268817,0,0,0,0,0,0,0,0,0,5,67,52,121,56,96,3,0,0,0,0
3420,0.263882,0,0,0,0,0,0,0,0,0,4,55,59,147,56,67,12,0,0,0,0
3430,0.283837,0,0,0,0,0,0,0,0,0,1,64,55,98,60,102,18,2,0,0,0
3440,0.308601,0,0,0,0,0,0,0,0,0,0,35,53,108,76,106,19,3,0,0,0
3450,0.330323,0,0,0,0,0,0,0,0,0,0,43,50,45,117,103,39,3,0,0,0
3460,0.357174,0,0,0,0,0,0,0,0,0,6,35,22,53,108,112,50,14,0,0,0
3470,0.405975,0,0,0,0,0,0,0,0,0,0,2,5,53,137,116,63,24,0,0,0
3480,0.417131,0,0,0,0,0,0,0,0,0,0,3,8,43,124,133,65,24,0,0,0
3490,0.399059,0,0,0,0,0,0,0,0,0,0,0,0,42,163,148,41,6,0,0,0
3500,0.417419,0,0,0,0,0,0,0,0,0,0,0,0,27,131,180,62,0,0,0,0
3510,0.401387,0,0,0,0,0,0,0,0,0,0,0,4,69,102,175,50,0,0,0,0
3520,0.374466,0,0,0,0,0,0,0,0,0,0,0,11,97,79,203,10,0,0,0,0
3530,0.359022,0,0,0,0,0,0,0,0,0,0,0,8,124,86,173,9,0,0,0,0
3540,0.370692,0,0,0,0,0,0,0,0,0,0,0,3,108,117,147,25,0,0,0,0
3550,0.356954,0,0,0,0,0,0,0,0,0,0,0,12,141,80,139,27,1,0,0,0
3560,0.348643,0,0,0,0,0,0,0,0,0,0,1,9,137,115,130,8,0,0,0,0
3570,0.356933,0,0,0,0,0,0,0,0,0,0,0,29,125,76,124,46,0,0,0,0
3580,0.349378,0,0,0,0,0,0,0,0,0,0,0,37,113,115,94,41,0,0,0,0
3590,0.324833,0,0,0,0,0,0,0,0,0,0,0,30,139,140,76,15,0,0,0,0
3600,0.2925,0,0,0,0,0,0,0,0,0,0,0,62,173,126,26,13,0,0,0,0
3610,0.291041,0,0,0,0,0,0,0,0,0,0,17,86,113,111,44,19,10,0,0,0
3620,0.298458,0,0,0,0,0,0,0,0,0,0,30,104,93,71,32,56,14,0,0,0
3630,0.272085,0,0,0,0,0,0,0,0,0,0,59,136,69,41,20,57,11,7,0,0
3640,0.311175,0,0,0,0,0,0,0,0,0,0,55,138,52,7,26,71,33,18,0,0
3650,0.313571,0,0,0,0,0,0,0,0,0,7,70,140,16,5,16,81,39,26,0,0
3660,0.251119,0,0,0,0,0,0,0,0,0,10,122,117,20,17,15,64,34,1,0,0
3670,0.228097,0,0,0,0,0,0,0,0,0,7,121,145,23,3,22,47,25,7,0,0
3680,0.232366,0,0,0,0,0,0,0,0,0,13,85,179,21,5,20,30,45,2,0,0
3690,0.268868,0,0,0,0,0,0,0,0,0,4,36,200,56,2,5,38,57,2,0,0
3700,0.278507,0,0,0,0,0,0,0,0,0,2,39,187,56,10,7,49,40,10,0,0
3710,0.318346,0,0,0,0,0,0,0,0,0,1,48,123,60,18,34,64,42,9,1,0
3720,0.380195,0,0,0,0,0,0,0,0,0,1,41,80,52,33,6,111,69,7,0,0
3730,0.454974,0,0,0,0,0,0,0,0,0,0,17,31,81,35,2,119,96,19,0,0
3740,0.437486,0,0,0,0,0,0,0,0,0,0,22,40,90,33,15,61,104,34,1,0
3750,0.452115,0,0,0,0,0,0,0,0,0,0,20,48,63,27,15,97,104,23,3,0
3760,0.500526,0,0,0,0,0,0,0,0,0,0,10,19,60,32,40,100,84,49,6,0
3770,0.461322,0,0,0,0,0,0,0,0,0,0,8,30,66,51,20,137,56,28,4,0
3780,0.480494,0,0,0,0,0,0,0,0,0,0,0,44,53,45,38,93,87,29,11,0
3790,0.477481,0,0,0,0,0,0,0,0,0,0,1,58,40,80,28,47,63,52,29,2
3800,0.407484,0,0,0,0,0,0,0,0,0,0,4,90,62,86,10,37,65,26,19,1
3810,0.419011,0,0,0,0,0,0,0,0,0,0,3,86,62,78,9,54,46,50,12,0
3820,0.430944,0,0,0,0,0,0,0,0,0,0,6,68,66,75,24,43,52,46,19,1
3830,0.472098,0,0,0,0,0,0,0,0,0,0,6,54,71,40,39,42,47,85,16,0
3840,0.399595,0,0,0,0,0,0,0,0,0,0,8,88,56,43,99,17,34,38,17,0
3850,0.367263,0,0,0,0,0,0,0,0,0,0,16,106,40,54,120,9,14,24,17,0
3860,0.402763,0,0,0,0,0,0,0,0,0,0,16,64,45,32,149,46,12,28,8,0
3870,0.456014,0,0,0,0,0,0,0,0,0,0,11,23,34,70,103,113,4,23,15,4
3880,0.490109,0,0,0,0,0,0,0,0,0,0,4,6,19,82,71,168,19,17,13,1
3890,0.483995,0,0,0,0,0,0,0,0,0,0,11,14,26,80,46,131,53,30,9,0
3900,0.498866,0,0,0,0,0,0,0,0,0,2,17,3,17,46,53,165,81,16,0,0
3910,0.486106,0,0,0,0,0,0,0,0,0,0,5,10,42,25,115,112,72,19,0,0
3920,0.500223,0,0,0,0,0,0,0,0,0,0,0,12,43,14,110,115,90,16,0,0
3930,0.50351,0,0,0,0,0,0,0,0,0,0,0,11,25,16,97,184,65,1,1,0
3940,0.528979,0,0,0,0,0,0,0,0,0,0,0,14,6,31,73,164,104,8,0,0
3950,0.528425,0,0,0,0,0,0,0,0,0,0,0,20,26,15,53,146,132,8,0,0
3960,0.52563,0,0,0,0,0,0,0,0,0,0,0,60,14,0,28,129,135,34,0,0
3970,0.456406,0,0,0,0,0,0,0,0,0,0,1,109,39,0,15,102,93,39,2,0
3980,0.502726,0,0,0,0,0,0,0,0,0,0,3,78,22,0,16,107,120,50,4,0
3990,0.501475,0,0,0,0,0,0,0,0,0,0,13,75,9,1,32,121,85,46,18,0
4000,0.460756,0,0,0,0,0,0,0,0,0,0,26,54,19,10,61,123,99,7,1,0
4010,0.406824,0,0,0,0,0,0,0,0,0,0,58,46,46,11,33,127,61,18,0,0
4020,0.327748,0,0,0,0,0,0,0,0,0,5,67,85,55,16,40,61,70,1,0,0
4030,0.35509,0,0,0,0,0,0,0,0,0,1,48,88,43,34,50,69,63,4,0,0
4040,0.419431,0,0,0,0,0,0,0,0,0,1,19,64,50,31,38,116,77,4,0,0
4050,0.471925,0,0,0,0,0,0,0,0,0,2,12,38,35,42,22,132,104,13,0,0
4060,0.508645,0,0,0,0,0,0,0,0,0,0,0,19,25,60,68,98,96,34,0,0
4070,0.490327,0,0,0,0,0,0,0,0,0,0,0,15,9,70,151,56,63,36,0,0
4080,0.47215,0,0,0,0,0,0,0,0,0,0,0,12,16,79,171,29,67,26,0,0
4090,0.499266,0,0,0,0,0,0,0,0,0,0,0,7,3,71,170,54,43,52,0,0
4100,0.48288,0,0,0,0,0,0,0,0,0,0,0,0,9,62,226,34,36,33,0,0
4110,0.480073,0,0,0,0,0,0,0,0,0,0,0,0,20,62,207,34,41,36,0,0
4120,0.510922,0,0,0,0,0,0,0,0,0,0,0,0,10,75,156,27,79,53,0,0
4130,0.496181,0,0,0,0,0,0,0,0,0,0,0,0,7,95,147,53,51,43,4,0
4140,0.497075,0,0,0,0,0,0,0,0,0,0,0,0,0,65,188,66,62,18,1,0
4150,0.503072,0,0,0,0,0,0,0,0,0,0,0,0,4,61,168,88,61,18,0,0
4160,0.491075,0,0,0,0,0,0,0,0,0,0,0,0,11,82,142,101,47,17,0,0
4170,0.433346,0,0,0,0,0,0,0,0,0,0,0,3,32,160,107,54,33,7,4,0
4180,0.402963,0,0,0,0,0,0,0,0,0,0,0,14,59,131,137,28,18,13,0,0
4190,0.400572,0,0,0,0,0,0,0,0,0,0,0,9,77,134,109,20,47,4,0,0
4200,0.455913,0,0,0,0,0,0,0,0,0,0,0,2,70,81,119,27,89,12,0,0
4210,0.4717,0,0,0,0,0,0,0,0,0,0,0,4,68,57,100,88,57,22,4,0
4220,0.500401,0,0,0,0,0,0,0,0,0,0,0,0,21,66,140,96,45,25,7,0
4230,0.530972,0,0,0,0,0,0,0,0,0,0,0,1,3,52,148,72,75,41,8,0
4240,0.513773,0,0,0,0,0,0,0,0,0,0,0,0,0,85,126,93,49,37,10,0
4250,0.54167,0,0,0,0,0,0,0,0,0,0,0,0,0,72,114,59,95,52,6,2
4260,0.546232,0,0,0,0,0,0,0,0,0,0,0,0,2,50,128,74,84,49,9,4
4270,0.546355,0,0,0,0,0,0,0,0,0,0,0,0,4,51,143,54,81,50,15,2
4280,0.553479,0,0,0,0,0,0,0,0,0,0,0,0,2,39,147,73,60,55,24,0
4290,0.602197,0,0,0,0,0,0,0,0,0,0,0,0,1,30,77,99,79,84,27,3
4300,0.546758,0,0,0,0,0,0,0,0,0,0,0,0,1,73,107,74,73,58,7,7
4310,0.552869,0,0,0,0,0,0,0,0,0,0,0,0,5,42,129,77,82,36,19,10
4320,0.521875,0,0,0,0,0,0,0,0,0,0,0,0,28,38,124,95,79,33,2,1
4330,0.522428,0,0,0,0,0,0,0,0,0,0,0,4,26,44,91,117,76,37,5,0
4340,0.508085,0,0,0,0,0,0,0,0,0,0,0,2,17,45,154,98,44,37,3,0
4350,0.518032,0,0,0,0,0,0,0,0,0,0,0,0,0,69,168,57,38,66,2,0
4360,0.511248,0,0,0,0,0,0,0,0,0,0,0,0,13,80,137,51,67,48,4,0
4370,0.509323,0,0,0,0,0,0,0,0,0,0,0,0,41,59,116,65,56,61,2,0
4380,0.504391,0,0,0,0,0,0,0,0,0,0,0,0,24,66,94,132,55,23,6,0
4390,0.53774,0,0,0,0,0,0,0,0,0,0,0,0,18,58,72,118,95,26,13,0
4400,0.500419,0,0,0,0,0,0,0,0,0,0,0,0,35,88,73,94,78,16,16,0
4410,0.538863,0,0,0,0,0,0,0,0,0,0,0,0,40,53,71,94,68,61,13,0
4420,0.508677,0,0,0,0,0,0,0,0,0,0,0,2,53,52,106,60,64,56,7,0
4430,0.449288,0,0,0,0,0,0,0,0,0,0,0,35,85,45,76,67,39,43,10,0
4440,0.426809,0,0,0,0,0,0,0,0,0,0,0,42,96,49,65,71,43,24,10,0
4450,0.420833,0,0,0,0,0,0,0,0,0,0,0,34,93,63,82,65,27,32,4,0
4460,0.436612,0,0,0,0,0,0,0,0,0,0,0,23,88,66,87,70,16,44,6,0
4470,0.447303,0,0,0,0,0,0,0,0,0,0,0,9,68,108,84,58,31,42,0,0
4480,0.468535,0,0,0,0,0,0,0,0,0,0,0,7,35,128,119,12,24,73,2,0
4490,0.470065,0,0,0,0,0,0,0,0,0,0,0,0,42,140,93,2,75,47,1,0
4500,0.398475,0,0,0,0,0,0,0,0,0,0,0,1,90,157,95,7,27,22,1,0
4510,0.354351,0,0,0,0,0,0,0,0,0,0,0,0,89,221,80,6,0,4,0,0
4520,0.326164,0,0,0,0,0,0,0,0,0,0,0,0,171,162,52,12,0,3,0,0
4530,0.329803,0,0,0,0,0,0,0,0,0,0,0,5,168,168,41,11,0,7,0,0
4540,0.29511,0,0,0,0,0,0,0,0,0,0,0,31,189,152,24,4,0,0,0,0
4550,0.297768,0,0,0,0,0,0,0,0,0,0,0,65,138,140,56,1,0,0,0,0
4560,0.293455,0,0,0,0,0,0,0,0,0,0,1,73,143,133,48,2,0,0,0,0
4570,0.323527,0,0,0,0,0,0,0,0,0,0,0,71,97,128,80,24,0,0,0,0
4580,0.343596,0,0,0,0,0,0,0,0,0,0,0,46,92,133,114,15,0,0,0,0
4590,0.346172,0,0,0,0,0,0,0,0,0,0,0,28,84,181,99,8,0,0,0,0
4600,0.344137,0,0,0,0,0,0,0,0,0,0,0,29,97,179,82,12,1,0,0,0
4610,0.351165,0,0,0,0,0,0,0,0,0,0,0,15,87,194,83,21,0,0,0,0
4620,0.368997,0,0,0,0,0,0,0,0,0,0,0,3,50,231,86,29,1,0,0,0
4630,0.363486,0,0,0,0,0,0,0,0,0,0,0,1,64,225,94,11,5,0,0,0
4640,0.375309,0,0,0,0,0,0,0,0,0,0,0,1,75,185,129,6,4,0,0,0
4650,0.349446,0,0,0,0,0,0,0,0,0,0,0,5,133,129,120,13,0,0,0,0
4660,0.363441,0,0,0,0,0,0,0,0,0,0,0,10,90,144,148,8,0,0,0,0
4670,0.383107,0,0,0,0,0,0,0,0,0,0,0,1,26,226,130,17,0,0,0,0
4680,0.391922,0,0,0,0,0,0,0,0,0,0,0,0,18,230,124,28,0,0,0,0
4690,0.401479,0,0,0,0,0,0,0,0,0,0,0,0,27,174,159,39,1,0,0,0
4700,0.395764,0,0,0,0,0,0,0,0,0,0,0,2,54,169,114,60,1,0,0,0
4710,0.407385,0,0,0,0,0,0,0,0,0,0,0,0,37,163,140,58,2,0,0,0
4720,0.398791,0,0,0,0,0,0,0,0,0,0,0,0,25,184,167,22,2,0,0,0
4730,0.398966,0,0,0,0,0,0,0,0,0,0,0,0,43,174,129,52,2,0,0,0
4740,0.38543,0,0,0,0,0,0,0,0,0,0,0,0,100,122,116,60,2,0,0,0
4750,0.370085,0,0,0,0,0,0,0,0,0,0,0,4,133,74,153,36,0,0,0,0
4760,0.388335,0,0,0,0,0,0,0,0,0,0,0,12,109,36,193,49,1,0,0,0
4770,0.436195,0,0,0,0,0,0,0,0,0,0,0,1,40,19,269,68,3,0,0,0
4780,0.447399,0,0,0,0,0,0,0,0,0,0,0,1,10,34,306,49,0,0,0,0
4790,0.448473,0,0,0,0,0,0,0,0,0,0,0,0,0,53,299,48,0,0,0,0
4800,0.443878,0,0,0,0,0,0,0,0,0,0,0,0,0,92,238,65,5,0,0,0
4810,0.420132,0,0,0,0,0,0,0,0,0,0,0,0,2,166,198,34,0,0,0,0
4820,0.412038,0,0,0,0,0,0,0,0,0,0,0,0,21,150,189,40,0,0,0,0
4830,0.418895,0,0,0,0,0,0,0,0,0,0,0,0,22,131,198,49,0,0,0,0
4840,0.420955,0,0,0,0,0,0,0,0,0,0,0,0,26,109,221,44,0,0,0,0
4850,0.405691,0,0,0,0,0,0,0,0,0,0,0,0,39,151,165,45,0,0,0,0
4860,0.375718,0,0,0,0,0,0,0,0,0,0,0,1,58,194,127,20,0,0,0,0
4870,0.385645,0,0,0,0,0,0,0,0,0,0,0,1,53,190,112,37,7,0,0,0
4880,0.384129,0,0,0,0,0,0,0,0,0,0,0,23,51,180,77,54,15,0,0,0
4890,0.398444,0,0,0,0,0,0,0,0,0,0,0,30,58,121,103,71,17,0,0,0
4900,0.403537,0,0,0,0,0,0,0,0,0,0,0,4,100,119,73,87,17,0,0,0
4910,0.423136,0,0,0,0,0,0,0,0,0,0,0,10,88,111,48,87,56,0,0,0
4920,0.434426,0,0,0,0,0,0,0,0,0,0,0,0,76,131,50,61,80,2,0,0
4930,0.454604,0,0,0,0,0,0,0,0,0,0,0,5,60,90,90,70,80,5,0,0
4940,0.438387,0,0,0,0,0,0,0,0,0,0,0,9,59,89,121,46,72,4,0,0
4950,0.44736,0,0,0,0,0,0,0,0,0,0,0,12,60,99,99,27,90,13,0,0
4960,0.444888,0,0,0,0,0,0,0,0,0,0,0,1,62,122,101,17,81,16,0,0
4970,0.403719,0,0,0,0,0,0,0,0,0,0,0,1,127,115,66,20,51,20,0,0
4980,0.371578,0,0,0,0,0,0,0,0,0,0,0,16,142,134,42,8,36,19,3,0
4990,0.334968,0,0,0,0,0,0,0,0,0,0,0,16,120,209,36,1,18,0,0,0
5000,0.345663,0,0,0,0,0,0,0,0,0,0,0,20,79,227,60,3,6,5,0,0
5010,0.346569,0,0,0,0,0,0,0,0,0,0,0,33,64,221,73,4,1,4,0,0
5020,0.354126,0,0,0,0,0,0,0,0,0,0,0,21,64,192,121,0,2,0,0,0
5030,0.385537,0,0,0,0,0,0,0,0,0,0,0,4,53,168,155,20,0,0,0,0
5040,0.388595,0,0,0,0,0,0,0,0,0,0,0,1,70,124,174,31,0,0,0,0
5050,0.38346,0,0,0,0,0,0,0,0,0,0,0,8,59,145,156,32,0,0,0,0
5060,0.410015,0,0,0,0,0,0,0,0,0,0,0,4,62,119,148,59,8,0,0,0
5070,0.389849,0,0,0,0,0,0,0,0,0,0,0,0,99,113,130,57,1,0,0,0
5080,0.360478,0,0,0,0,0,0,0,0,0,0,0,15,131,111,93,44,6,0,0,0
5090,0.406482,0,0,0,0,0,0,0,0,0,0,0,38,57,103,98,44,59,1,0,0
5100,0.421076,0,0,0,0,0,0,0,0,0,0,2,8,64,113,93,76,37,7,0,0
5110,0.431991,0,0,0,0,0,0,0,0,0,0,0,5,41,127,141,38,32,16,0,0
5120,0.45266,0,0,0,0,0,0,0,0,0,0,0,0,42,136,111,34,25,49,3,0
5130,0.518497,0,0,0,0,0,0,0,0,0,0,0,5,42,106,67,42,14,81,42,1
5140,0.529012,0,0,0,0,0,0,0,0,0,0,1,16,24,112,44,44,43,59,55,2
5150,0.596851,0,0,0,0,0,0,0,0,0,0,0,5,5,92,30,67,60,78,51,12
5160,0.53947,0,0,0,0,0,0,0,0,0,0,0,0,17,120,44,46,79,60,32,2
5170,0.565044,0,0,0,0,0,0,0,0,0,0,0,0,5,100,43,66,82,66,38,0
5180,0.56654,0,0,0,0,0,0,0,0,0,0,0,0,20,99,32,64,65,69,49,2
5190,0.582449,0,0,0,0,0,0,0,0,0,0,0,0,27,67,63,41,62,76,59,5
5200,0.593041,0,0,0,0,0,0,0,0,0,0,0,0,31,70,69,28,46,66,63,27
5210,0.679113,0,0,0,0,0,0,0,0,0,0,0,2,19,25,47,30,56,81,91,49
5220,0.698041,0,0,0,0,0,0,0,0,0,0,0,0,7,13,42,30,125,49,81,53
5230,0.75232,0,0,0,0,0,0,0,0,0,0,0,0,0,12,69,11,77,14,73,144
5240,0.787079,0,0,0,0,0,0,0,0,0,0,0,0,0,23,38,15,61,27,48,188
5250,0.797245,0,0,0,0,0,0,0,0,0,0,0,0,0,22,38,22,37,30,64,187
5260,0.798467,0,0,0,0,0,0,0,0,0,0,0,0,13,28,12,32,36,17,52,210
5270,0.748791,0,0,0,0,0,0,0,0,0,0,0,0,31,33,4,67,33,3,35,194
5280,0.763073,0,0,0,0,0,0,0,0,0,0,0,0,21,38,14,42,34,5,63,183
5290,0.781602,0,0,0,0,0,0,0,0,0,0,0,0,10,20,32,51,27,6,56,198
5300,0.825386,0,0,0,0,0,0,0,0,0,0,0,0,4,34,14,24,26,2,44,252
5310,0.823616,0,0,0,0,0,0,0,0,0,0,0,0,16,20,19,41,9,3,24,268
5320,0.760784,0,0,0,0,0,0,0,0,0,0,0,2,39,44,26,18,10,4,10,247
5330,0.828044,0,0,0,0,0,0,0,0,0,0,0,0,20,49,8,3,0,0,41,279
5340,0.82209,0,0,0,0,0,0,0,0,0,0,0,0,19,61,7,0,0,0,18,295
5350,0.769592,0,0,0,0,0,0,0,0,0,0,0,1,26,88,1,0,0,1,16,267
5360,0.803781,0,0,0,0,0,0,0,0,0,0,0,8,34,48,0,0,0,0,29,281
5370,0.759367,0,0,0,0,0,0,0,0,0,0,0,18,45,51,2,0,0,0,33,251
5380,0.693378,0,0,0,0,0,0,0,0,0,0,0,15,85,51,3,0,0,0,42,204
5390,0.75726,0,0,0,0,0,0,0,0,0,0,0,4,67,35,12,0,0,0,41,241
5400,0.70979,0,0,0,0,0,0,0,0,0,0,0,0,71,47,29,2,0,0,61,190
5410,0.725967,0,0,0,0,0,0,0,0,0,0,0,1,63,50,26,0,0,1,48,211
5420,0.758514,0,0,0,0,0,0,0,0,0,0,0,1,61,45,9,1,0,0,41,242
5430,0.807073,0,0,0,0,0,0,0,0,0,0,0,2,27,43,2,0,0,17,88,221
5440,0.82232,0,0,0,0,0,0,0,0,0,0,0,0,32,23,12,0,0,10,89,234
5450,0.754246,0,0,0,0,0,0,0,0,0,0,0,0,38,44,30,1,0,11,99,177
5460,0.729471,0,0,0,0,0,0,0,0,0,0,0,0,33,71,14,3,0,18,123,138
5470,0.744912,0,0,0,0,0,0,0,0,0,0,0,0,53,57,1,0,0,20,84,185
5480,0.674721,0,0,0,0,0,0,0,0,0,0,0,1,66,78,11,0,0,28,79,137
5490,0.682243,0,0,0,0,0,0,0,0,0,0,0,0,67,61,19,0,0,31,91,131
5500,0.714455,0,0,0,0,0,0,0,0,0,0,0,4,29,64,38,0,0,21,76,168
5510,0.648898,0,0,0,0,0,0,0,0,0,0,0,2,37,70,85,0,0,12,61,133
5520,0.654504,0,0,0,0,0,0,0,0,0,0,0,0,20,68,105,11,0,7,70,119
5530,0.584608,0,0,0,0,0,0,0,0,0,0,0,0,27,72,132,19,3,17,65,65
5540,0.587938,0,0,0,0,0,0,0,0,0,0,0,0,17,105,96,37,5,12,39,89
5550,0.510246,0,0,0,0,0,0,0,0,0,0,0,11,30,88,138,52,5,11,20,45
5560,0.504408,0,0,0,0,0,0,0,0,0,0,0,0,21,113,141,58,0,0,22,45
5570,0.482262,0,0,0,0,0,0,0,0,0,0,0,0,67,142,98,21,0,0,8,64
5580,0.456485,0,0,0,0,0,0,0,0,0,0,0,3,59,148,98,38,0,0,15,39
5590,0.399537,0,0,0,0,0,0,0,0,0,0,0,20,85,124,103,48,0,0,0,20
5600,0.427706,0,0,0,0,0,0,0,0,0,0,0,7,95,119,121,13,0,0,0,45
5610,0.526818,0,0,0,0,0,0,0,0,0,0,0,6,56,120,99,17,0,0,0,102
5620,0.460331,0,0,0,0,0,0,0,0,0,0,0,7,74,163,78,4,0,0,0,74
5630,0.415014,0,0,0,0,0,0,0,0,0,0,0,8,140,123,70,1,0,0,6,52
5640,0.480835,0,0,0,0,0,0,0,0,0,0,0,14,84,146,54,3,0,0,16,83
5650,0.466856,0,0,0,0,0,0,0,0,0,0,0,23,61,159,61,13,0,0,17,66
5660,0.465419,0,0,0,0,0,0,0,0,0,0,0,31,104,93,69,14,0,0,15,74
5670,0.471534,0,0,0,0,0,0,0,0,0,0,0,18,87,120,82,3,0,4,27,59
5680,0.475397,0,0,0,0,0,0,0,0,0,0,0,7,47,139,119,19,0,0,20,49
5690,0.495754,0,0,0,0,0,0,0,0,0,0,0,1,26,135,138,21,0,8,34,37
5700,0.470118,0,0,0,0,0,0,0,0,0,0,0,3,34,119,168,18,0,7,18,33
5710,0.4881,0,0,0,0,0,0,0,0,0,0,0,28,33,66,152,54,0,11,24,32
5720,0.486428,0,0,0,0,0,0,0,0,0,0,2,27,25,57,161,65,0,5,31,27
5730,0.439403,0,0,0,0,0,0,0,0,0,0,2,33,26,85,141,76,5,9,14,9
5740,0.4364,0,0,0,0,0,0,0,0,0,0,0,8,43,136,96,86,6,15,0,10
5750,0.407993,0,0,0,0,0,0,0,0,0,0,0,9,56,140,112,60,16,7,0,0
5760,0.420848,0,0,0,0,0,0,0,0,0,0,1,13,54,96,161,19,47,9,0,0
5770,0.427841,0,0,0,0,0,0,0,0,0,0,1,19,55,107,135,12,44,27,0,0
5780,0.39843,0,0,0,0,0,0,0,0,0,0,6,53,58,62,140,25,36,20,0,0
5790,0.39242,0,0,0,0,0,0,0,0,0,0,18,53,20,105,142,6,32,24,0,0
5800,0.38971,0,0,0,0,0,0,0,0,0,0,12,44,23,128,136,30,4,21,2,0
5810,0.399718,0,0,0,0,0,0,0,0,0,0,1,27,26,120,197,20,4,5,0,0
5820,0.415996,0,0,0,0,0,0,0,0,0,0,0,29,16,77,231,43,2,2,0,0
5830,0.395346,0,0,0,0,0,0,0,0,0,0,3,36,35,80,201,39,6,0,0,0
5840,0.399493,0,0,0,0,0,0,0,0,0,0,9,50,21,65,171,74,10,0,0,0
5850,0.369555,0,0,0,0,0,0,0,0,0,0,5,50,64,74,159,38,10,0,0,0
5860,0.37149,0,0,0,0,0,0,0,0,0,0,2,49,44,140,101,61,3,0,0,0
5870,0.383748,0,0,0,0,0,0,0,0,0,0,9,57,42,94,97,69,32,0,0,0
5880,0.328084,0,0,0,0,0,0,0,0,0,0,9,77,73,129,65,44,3,0,0,0
5890,0.326096,0,0,0,0,0,0,0,0,0,2,16,48,106,132,42,51,3,0,0,0
5900,0.300916,0,0,0,0,0,0,0,0,0,0,7,62,136,144,18,32,1,0,0,0
5910,0.269791,0,0,0,0,0,0,0,0,0,0,36,106,129,57,24,31,17,0,0,0
5920,0.250648,0,0,0,0,0,0,0,0,0,2,44,108,143,39,36,6,21,1,0,0
5930,0.299737,0,0,0,0,0,0,0,0,0,1,52,84,127,24,29,42,28,13,0,0
5940,0.279914,0,0,0,0,0,0,0,0,0,0,44,70,185,26,12,34,16,13,0,0
5950,0.251734,0,0,0,0,0,0,0,0,0,4,58,73,184,25,22,8,16,9,1,0
5960,0.234921,0,0,0,0,0,0,0,0,0,7,75,66,152,44,38,12,1,5,0,0
5970,0.233082,0,0,0,0,0,0,0,0,0,1,96,70,132,21,54,26,0,0,0,0
5980,0.25536,0,0,0,0,0,0,0,0,0,1,41,108,123,45,63,19,0,0,0,0
5990,0.287119,0,0,0,0,0,0,0,0,0,4,29,87,89,83,100,8,0,0,0,0
6000,0.267881,0,0,0,0,0,0,0,0,0,0,59,87,57,124,69,4,0,0,0,0
6010,0.270802,0,0,0,0,0,0,0,0,0,0,26,107,55,167,43,2,0,0,0,0
6020,0.274416,0,0,0,0,0,0,0,0,0,0,10,97,129,119,45,0,0,0,0,0
6030,0.312908,0,0,0,0,0,0,0,0,0,0,0,40,134,171,50,5,0,0,0,0
6040,0.308896,0,0,0,0,0,0,0,0,0,0,0,43,150,138,55,14,0,0,0,0
6050,0.324638,0,0,0,0,0,0,0,0,0,0,0,41,139,127,62,31,0,0,0,0
6060,0.362067,0,0,0,0,0,0,0,0,0,0,0,34,134,52,117,60,3,0,0,0
6070,0.393413,0,0,0,0,0,0,0,0,0,0,0,19,123,26,131,94,7,0,0,0
6080,0.44459,0,0,0,0,0,0,0,0,0,0,0,13,59,30,156,124,18,0,0,0
6090,0.459846,0,0,0,0,0,0,0,0,0,0,0,3,24,64,186,89,33,1,0,0
6100,0.45809,0,0,0,0,0,0,0,0,0,0,0,0,2,71,239,69,12,7,0,0
6110,0.452236,0,0,0,0,0,0,0,0,0,0,0,0,0,77,229,93,0,1,0,0
6120,0.455955,0,0,0,0,0,0,0,0,0,0,0,0,1,80,225,73,21,0,0,0
6130,0.457738,0,0,0,0,0,0,0,0,0,0,0,0,1,67,246,74,12,0,0,0
6140,0.434994,0,0,0,0,0,0,0,0,0,0,0,0,13,86,240,59,2,0,0,0
6150,0.444452,0,0,0,0,0,0,0,0,0,0,0,0,0,100,221,71,8,0,0,0
6160,0.451405,0,0,0,0,0,0,0,0,0,0,0,0,1,96,214,62,27,0,0,0
6170,0.428552,0,0,0,0,0,0,0,0,0,0,0,0,5,138,199,52,6,0,0,0
6180,0.43803,0,0,0,0,0,0,0,0,0,0,0,0,2,130,192,71,5,0,0,0
6190,0.463946,0,0,0,0,0,0,0,0,0,0,0,0,4,70,217,83,26,0,0,0
6200,0.46592,0,0,0,0,0,0,0,0,0,0,0,0,0,68,240,68,23,1,0,0
6210,0.470274,0,0,0,0,0,0,0,0,0,0,0,0,4,51,241,72,32,0,0,0
6220,0.467788,0,0,0,0,0,0,0,0,0,0,0,0,11,50,217,91,31,0,0,0
6230,0.473486,0,0,0,0,0,0,0,0,0,0,0,0,0,31,266,78,25,0,0,0
6240,0.495822,0,0,0,0,0,0,0,0,0,0,0,0,0,30,190,147,33,0,0,0
6250,0.505002,0,0,0,0,0,0,0,0,0,0,0,0,0,42,157,144,57,0,0,0
6260,0.516837,0,0,0,0,0,0,0,0,0,0,0,0,0,44,127,147,82,0,0,0
6270,0.489882,0,0,0,0,0,0,0,0,0,0,0,0,0,59,178,98,62,3,0,0
6280,0.470814,0,0,0,0,0,0,0,0,0,0,0,0,1,70,219,75,35,0,0,0
6290,0.453624,0,0,0,0,0,0,0,0,0,0,0,0,1,63,261,64,11,0,0,0
6300,0.45603,0,0,0,0,0,0,0,0,0,0,0,0,3,76,248,53,20,0,0,0
6310,0.416439,0,0,0,0,0,0,0,0,0,0,0,0,19,173,142,50,14,2,0,0
6320,0.399756,0,0,0,0,0,0,0,0,0,0,0,15,43,143,130,65,4,0,0,0
6330,0.404625,0,0,0,0,0,0,0,0,0,0,4,34,49,79,130,99,5,0,0,0
6340,0.39763,0,0,0,0,0,0,0,0,0,0,1,17,37,136,172,22,15,0,0,0
6350,0.41238,0,0,0,0,0,0,0,0,0,0,0,7,30,143,176,17,27,0,0,0
6360,0.418302,0,0,0,0,0,0,0,0,0,0,0,12,26,162,113,64,23,0,0,0
6370,0.407312,0,0,0,0,0,0,0,0,0,0,4,34,16,119,130,90,7,0,0,0
6380,0.397571,0,0,0,0,0,0,0,0,0,0,6,23,82,78,105,94,12,0,0,0
6390,0.389332,0,0,0,0,0,0,0,0,0,0,0,27,84,79,129,79,2,0,0,0
6400,0.353419,0,0,0,0,0,0,0,0,0,0,5,38,106,111,88,43,9,0,0,0
6410,0.349505,0,0,0,0,0,0,0,0,0,0,3,22,136,109,61,66,3,0,0,0
6420,0.325714,0,0,0,0,0,0,0,0,0,0,4,57,152,86,37,54,10,0,0,0
6430,0.306595,0,0,0,0,0,0,0,0,0,0,8,77,148,76,43,39,9,0,0,0
6440,0.346626,0,0,0,0,0,0,0,0,0,0,41,43,76,85,72,62,21,0,0,0
6450,0.361886,0,0,0,0,0,0,0,0,0,0,45,33,51,94,80,65,32,0,0,0
6460,0.411157,0,0,0,0,0,0,0,0,0,0,26,14,37,80,115,106,22,0,0,0
6470,0.42452,0,0,0,0,0,0,0,0,0,2,32,25,21,51,106,125,37,1,0,0
6480,0.421821,0,0,0,0,0,0,0,0,0,0,26,35,9,37,160,105,27,1,0,0
6490,0.421606,0,0,0,0,0,0,0,0,0,1,16,34,7,54,163,110,15,0,0,0
6500,0.43374,0,0,0,0,0,0,0,0,0,0,6,23,19,67,171,106,2,6,0,0
6510,0.442164,0,0,0,0,0,0,0,0,0,0,12,12,8,53,210,91,7,7,0,0
6520,0.404325,0,0,0,0,0,0,0,0,0,1,31,11,16,83,189,49,19,1,0,0
6530,0.429833,0,0,0,0,0,0,0,0,0,5,22,9,3,96,158,65,38,4,0,0
6540,0.446332,0,0,0,0,0,0,0,0,0,0,14,7,12,92,166,63,24,22,0,0
6550,0.486817,0,0,0,0,0,0,0,0,0,0,0,0,21,74,133,107,37,28,0,0
6560,0.520978,0,0,0,0,0,0,0,0,0,0,0,0,16,35,138,118,31,62,0,0
6570,0.518652,0,0,0,0,0,0,0,0,0,0,0,0,7,30,179,96,34,54,0,0
6580,0.542062,0,0,0,0,0,0,0,0,0,0,0,0,0,25,199,62,28,62,24,0
6590,0.539172,0,0,0,0,0,0,0,0,0,0,0,0,17,44,153,39,61,65,21,0
6600,0.50107,0,0,0,0,0,0,0,0,0,0,0,0,8,82,138,71,76,23,2,0
6610,0.475632,0,0,0,0,0,0,0,0,0,0,0,0,12,100,146,79,33,20,10,0
6620,0.457,0,0,0,0,0,0,0,0,0,0,0,0,9,101,201,50,16,22,1,0
6630,0.450383,0,0,0,0,0,0,0,0,0,0,0,0,1,72,273,30,18,6,0,0
6640,0.450041,0,0,0,0,0,0,0,0,0,0,0,0,19,85,209,69,8,10,0,0
6650,0.446922,0,0,0,0,0,0,0,0,0,0,0,2,43,89,134,101,18,13,0,0
6660,0.429251,0,0,0,0,0,0,0,0,0,0,0,4,29,146,108,95,17,1,0,0
6670,0.408394,0,0,0,0,0,0,0,0,0,0,0,30,57,101,100,95,17,0,0,0
6680,0.404489,0,0,0,0,0,0,0,0,0,0,0,45,48,64,145,78,20,0,0,0
6690,0.439593,0,0,0,0,0,0,0,0,0,0,4,9,5,106,179,71,21,5,0,0
6700,0.455311,0,0,0,0,0,0,0,0,0,0,10,13,11,75,137,120,30,4,0,0
6710,0.474155,0,0,0,0,0,0,0,0,0,0,10,19,27,45,89,150,35,25,0,0
6720,0.465098,0,0,0,0,0,0,0,0,0,0,11,8,42,52,82,154,31,20,0,0
6730,0.476766,0,0,0,0,0,0,0,0,0,0,1,4,33,61,114,128,51,8,0,0
6740,0.488584,0,0,0,0,0,0,0,0,0,0,0,0,14,66,147,110,49,14,0,0
6750,0.496597,0,0,0,0,0,0,0,0,0,0,0,0,15,78,111,124,43,29,0,0
6760,0.481389,0,0,0,0,0,0,0,0,0,0,0,0,31,69,107,148,32,11,2,0
6770,0.46702,0,0,0,0,0,0,0,0,0,0,0,0,47,52,149,109,39,4,0,0
6780,0.459544,0,0,0,0,0,0,0,0,0,0,0,0,61,63,111,112,49,4,0,0
6790,0.468059,0,0,0,0,0,0,0,0,0,0,0,2,39,60,165,88,34,12,0,0
6800,0.489595,0,0,0,0,0,0,0,0,0,0,0,0,30,31,140,147,51,1,0,0
6810,0.46994,0,0,0,0,0,0,0,0,0,0,0,1,64,48,90,136,53,8,0,0
6820,0.405155,0,0,0,0,0,0,0,0,0,0,0,20,123,67,69,66,50,5,0,0
6830,0.392223,0,0,0,0,0,0,0,0,0,0,0,30,110,60,102,66,30,2,0,0
6840,0.396445,0,0,0,0,0,0,0,0,0,0,0,30,83,76,113,71,26,1,0,0
6850,0.403316,0,0,0,0,0,0,0,0,0,0,3,30,78,80,91,91,22,5,0,0
6860,0.4154,0,0,0,0,0,0,0,0,0,0,4,24,84,61,108,73,35,11,0,0
6870,0.485838,0,0,0,0,0,0,0,0,0,0,1,9,14,82,125,78,73,18,0,0
6880,0.491011,0,0,0,0,0,0,0,0,0,0,1,0,9,69,182,33,87,19,0,0
6890,0.489004,0,0,0,0,0,0,0,0,0,0,0,0,3,107,169,28,45,42,6,0
6900,0.515246,0,0,0,0,0,0,0,0,0,0,0,0,1,72,158,60,52,43,14,0
6910,0.500059,0,0,0,0,0,0,0,0,0,0,0,0,7,72,149,97,32,42,1,0
6920,0.505722,0,0,0,0,0,0,0,0,0,0,0,0,28,51,159,54,50,56,2,0
6930,0.499452,0,0,0,0,0,0,0,0,0,0,0,0,33,70,125,64,51,57,0,0
6940,0.485114,0,0,0,0,0,0,0,0,0,0,0,0,18,76,157,83,30,22,14,0
6950,0.489782,0,0,0,0,0,0,0,0,0,0,0,0,9,83,185,38,42,26,17,0
6960,0.477871,0,0,0,0,0,0,0,0,0,0,0,0,5,114,155,58,25,28,11,4
6970,0.461682,0,0,0,0,0,0,0,0,0,0,0,0,26,137,108,70,30,24,5,0
6980,0.447768,0,0,0,0,0,0,0,0,0,0,0,0,49,115,78,120,29,9,0,0
6990,0.425668,0,0,0,0,0,0,0,0,0,0,0,0,67,134,64,104,24,6,1,0
7000,0.435398,0,0,0,0,0,0,0,0,0,0,0,4,46,116,92,122,20,0,0,0
7010,0.444663,0,0,0,0,0,0,0,0,0,0,0,4,43,101,96,144,12,0,0,0
7020,0.472685,0,0,0,0,0,0,0,0,0,0,0,0,20,70,159,101,50,0,0,0
7030,0.492774,0,0,0,0,0,0,0,0,0,0,0,3,6,44,184,101,60,2,0,0
7040,0.486926,0,0,0,0,0,0,0,0,0,0,0,1,4,48,198,96,52,1,0,0
7050,0.487237,0,0,0,0,0,0,0,0,0,0,0,0,1,73,191,68,58,9,0,0
7060,0.481768,0,0,0,0,0,0,0,0,0,0,0,0,12,55,187,95,43,8,0,0
7070,0.494626,0,0,0,0,0,0,0,0,0,0,0,0,6,58,154,115,52,13,2,0
7080,0.521822,0,0,0,0,0,0,0,0,0,0,0,0,1,44,139,144,43,17,12,0
7090,0.519406,0,0,0,0,0,0,0,0,0,0,0,0,2,65,102,129,89,4,9,0
7100,0.498972,0,0,0,0,0,0,0,0,0,0,0,0,2,86,143,77,78,8,6,0
7110,0.502365,0,0,0,0,0,0,0,0,0,0,0,0,0,51,179,82,80,8,0,0
7120,0.49483,0,0,0,0,0,0,0,0,0,0,0,0,5,93,151,44,83,16,8,0
7130,0.508726,0,0,0,0,0,0,0,0,0,0,0,0,6,89,132,42,115,3,13,0
7140,0.561769,0,0,0,0,0,0,0,0,0,0,0,0,6,56,51,84,185,18,0,0
7150,0.566506,0,0,0,0,0,0,0,0,0,0,0,0,0,31,88,94,148,38,1,0
7160,0.576428,0,0,0,0,0,0,0,0,0,0,0,0,0,41,56,114,144,38,7,0
7170,0.551413,0,0,0,0,0,0,0,0,0,0,0,0,0,57,38,154,146,5,0,0
7180,0.534908,0,0,0,0,0,0,0,0,0,0,0,0,2,71,64,123,135,5,0,0
7190,0.536589,0,0,0,0,0,0,0,0,0,0,0,0,3,58,65,146,109,19,0,0
7200,0.53591,0,0,0,0,0,0,0,0,0,0,0,0,2,41,134,102,71,50,0,0
7210,0.549437,0,0,0,0,0,0,0,0,0,0,0,0,14,25,137,61,101,61,1,0
7220,0.54798,0,0,0,0,0,0,0,0,0,0,0,1,32,30,108,60,91,69,9,0
7230,0.554592,0,0,0,0,0,0,0,0,0,0,0,0,55,28,54,44,140,74,5,0
7240,0.561883,0,0,0,0,0,0,0,0,0,0,0,4,45,25,49,72,116,84,5,0
7250,0.551842,0,0,0,0,0,0,0,0,0,0,0,14,65,14,22,66,131,86,2,0
7260,0.518822,0,0,0,0,0,0,0,0,0,0,0,23,68,21,25,92,108,60,3,0
7270,0.553504,0,0,0,0,0,0,0,0,0,0,0,14,59,8,29,105,92,78,15,0
7280,0.517588,0,0,0,0,0,0,0,0,0,0,0,4,95,27,43,70,79,56,24,2
7290,0.524544,0,0,0,0,0,0,0,0,0,0,0,11,88,20,40,84,72,47,32,6
7300,0.573489,0,0,0,0,0,0,0,0,0,0,0,17,43,25,28,63,117,72,24,11
7310,0.569198,0,0,0,0,0,0,0,0,0,0,1,53,24,15,9,68,91,102,37,0
7320,0.550608,0,0,0,0,0,0,0,0,0,0,11,84,2,22,6,36,104,71,59,5
7330,0.570698,0,0,0,0,0,0,0,0,0,0,10,59,16,25,0,35,121,67,55,12
7340,0.647409,0,0,0,0,0,0,0,0,0,0,6,20,11,10,0,42,142,94,70,5
7350,0.627874,0,0,0,0,0,0,0,0,0,0,3,33,18,2,1,46,150,80,55,12
7360,0.66334,0,0,0,0,0,0,0,0,0,0,11,21,13,1,1,37,97,130,77,12
7370,0.659143,0,0,0,0,0,0,0,0,0,0,19,17,9,0,9,45,68,148,72,13
7380,0.633881,0,0,0,0,0,0,0,0,0,0,27,11,7,0,14,64,76,134,60,7
7390,0.553877,0,0,0,0,0,0,0,0,0,0,23,31,16,3,23,89,124,64,27,0
7400,0.590793,0,0,0,0,0,0,0,0,0,0,15,13,0,4,35,115,135,62,19,2
7410,0.555168,0,0,0,0,0,0,0,0,0,1,34,13,0,7,84,58,103,57,43,0
7420,0.541456,0,0,0,0,0,0,0,0,0,1,23,33,0,22,70,60,75,86,30,0
7430,0.463212,0,0,0,0,0,0,0,0,0,1,36,57,2,51,38,76,78,57,4,0
7440,0.489331,0,0,0,0,0,0,0,0,0,0,35,36,1,65,63,41,67,75,17,0
7450,0.559855,0,0,0,0,0,0,0,0,0,0,3,25,27,56,30,23,85,151,0,0
7460,0.445567,0,0,0,0,0,0,0,0,0,0,12,45,61,104,8,28,65,69,8,0
7470,0.361867,0,0,0,0,0,0,0,0,0,0,42,81,71,74,2,37,35,50,8,0
7480,0.346861,0,0,0,0,0,0,0,0,0,3,48,89,63,72,13,26,25,61,0,0
7490,0.408712,0,0,0,0,0,0,0,0,0,1,42,66,54,62,20,25,49,74,7,0
7500,0.436004,0,0,0,0,0,0,0,0,0,4,50,38,40,73,4,14,116,57,4,0
7510,0.473009,0,0,0,0,0,0,0,0,0,2,22,21,81,53,5,27,132,52,5,0
7520,0.455946,0,0,0,0,0,0,0,0,0,0,3,24,127,51,1,26,98,67,3,0
7530,0.450982,0,0,0,0,0,0,0,0,0,0,0,51,121,40,2,38,52,86,10,0
7540,0.502502,0,0,0,0,0,0,0,0,0,0,0,20,126,35,6,19,86,60,48,0
7550,0.474402,0,0,0,0,0,0,0,0,0,0,13,23,145,11,9,19,66,87,27,0
7560,0.472761,0,0,0,0,0,0,0,0,0,0,11,18,127,56,6,15,57,68,42,0
7570,0.385028,0,0,0,0,0,0,0,0,0,0,5,72,150,58,0,8,39,23,45,0
7580,0.432784,0,0,0,0,0,0,0,0,0,0,1,54,157,51,2,7,13,48,65,2
7590,0.419097,0,0,0,0,0,0,0,0,0,0,2,70,149,46,1,0,28,36,61,7
7600,0.362288,0,0,0,0,0,0,0,0,0,0,13,89,174,26,0,0,5,36,56,1
7610,0.44089,0,0,0,0,0,0,0,0,0,0,18,79,113,36,1,0,9,76,68,0
7620,0.407271,0,0,0,0,0,0,0,0,0,0,50,65,82,65,3,0,1,84,50,0
7630,0.389622,0,0,0,0,0,0,0,0,0,0,20,74,101,99,1,0,0,48,56,1
7640,0.404182,0,0,0,0,0,0,0,0,0,2,27,69,91,75,15,0,7,66,48,0
7650,0.364147,0,0,0,0,0,0,0,0,0,1,21,40,106,103,59,7,17,29,17,0
7660,0.356239,0,0,0,0,0,0,0,0,0,1,58,64,98,42,40,10,5,53,29,0
7670,0.261655,0,0,0,0,0,0,0,0,0,2,68,97,125,46,15,20,1,20,5,1
7680,0.316895,0,0,0,0,0,0,0,0,0,0,29,108,113,28,33,56,1,14,18,0
7690,0.277864,0,0,0,0,0,0,0,0,0,2,40,128,106,27,31,50,6,0,10,0
7700,0.284894,0,0,0,0,0,0,0,0,0,0,32,136,99,13,46,65,5,0,4,0
7710,0.337501,0,0,0,0,0,0,0,0,0,0,42,117,42,9,47,118,25,0,0,0
7720,0.358541,0,0,0,0,0,0,0,0,0,0,54,68,62,5,72,102,37,0,0,0
7730,0.344431,0,0,0,0,0,0,0,0,0,0,54,54,95,19,61,80,36,1,0,0
7740,0.409289,0,0,0,0,0,0,0,0,0,1,14,40,102,41,37,73,83,9,0,0
7750,0.443024,0,0,0,0,0,0,0,0,0,0,4,48,83,18,54,91,78,24,0,0
7760,0.397625,0,0,0,0,0,0,0,0,0,0,4,69,99,23,70,55,59,21,0,0
7770,0.417934,0,0,0,0,0,0,0,0,0,2,5,39,90,39,87,72,40,26,0,0
7780,0.369342,0,0,0,0,0,0,0,0,0,0,14,79,108,22,51,60,38,28,0,0
7790,0.413609,0,0,0,0,0,0,0,0,0,0,12,69,79,17,52,72,78,21,0,0
7800,0.443959,0,0,0,0,0,0,0,0,0,0,1,86,57,8,23,119,79,23,4,0
7810,0.454677,0,0,0,0,0,0,0,0,0,0,0,62,68,10,27,120,107,6,0,0
7820,0.416976,0,0,0,0,0,0,0,0,0,0,6,94,72,3,31,81,93,20,0,0
7830,0.369633,0,0,0,0,0,0,0,0,0,0,27,107,61,6,38,90,64,7,0,0
7840,0.317455,0,0,0,0,0,0,0,0,0,2,27,84,110,28,78,51,20,0,0,0
7850,0.290643,0,0,0,0,0,0,0,0,0,0,27,128,87,51,43,62,2,0,0,0
7860,0.302719,0,0,0,0,0,0,0,0,0,2,35,73,82,115,39,49,5,0,0,0
7870,0.316176,0,0,0,0,0,0,0,0,0,2,37,37,101,140,24,39,20,0,0,0
7880,0.343774,0,0,0,0,0,0,0,0,0,1,36,17,96,130,56,15,46,3,0,0
7890,0.348446,0,0,0,0,0,0,0,0,0,2,55,38,48,114,47,41,54,1,0,0
7900,0.455003,0,0,0,0,0,0,0,0,0,2,30,20,38,62,56,51,129,12,0,0
7910,0.465013,0,0,0,0,0,0,0,0,0,2,36,18,16,56,68,56,135,13,0,0
7920,0.479969,0,0,0,0,0,0,0,0,0,2,15,30,19,61,51,86,107,29,0,0
7930,0.48836,0,0,0,0,0,0,0,0,0,1,5,14,13,103,79,82,44,57,2,0
7940,0.508845,0,0,0,0,0,0,0,0,0,0,0,3,3,82,154,30,73,53,2,0
7950,0.495031,0,0,0,0,0,0,0,0,0,0,0,0,20,115,110,42,60,43,10,0
7960,0.530253,0,0,0,0,0,0,0,0,0,0,0,0,17,53,150,59,45,52,23,1
7970,0.548444,0,0,0,0,0,0,0,0,0,0,0,0,11,41,156,73,26,59,34,0
7980,0.554121,0,0,0,0,0,0,0,0,0,0,0,0,0,38,163,73,53,22,51,0
7990,0.518577,0,0,0,0,0,0,0,0,0,0,0,0,0,43,201,74,38,6,38,0
8000,0.499475,0,0,0,0,0,0,0,0,0,0,0,0,2,39,218,89,27,0,25,0
8010,0.489452,0,0,0,0,0,0,0,0,0,0,0,0,5,75,155,110,40,7,8,0
8020,0.485505,0,0,0,0,0,0,0,0,0,0,0,0,0,88,149,100,60,0,3,0
8030,0.463368,0,0,0,0,0,0,0,0,0,0,0,0,8,99,176,72,43,1,1,0
8040,0.449158,0,0,0,0,0,0,0,0,0,0,0,0,11,124,149,80,36,0,0,0
8050,0.461016,0,0,0,0,0,0,0,0,0,0,0,0,6,116,175,56,40,7,0,0
8060,0.476852,0,0,0,0,0,0,0,0,0,0,0,2,21,129,105,41,74,12,16,0
8070,0.467082,0,0,0,0,0,0,0,0,0,0,0,0,37,82,140,71,59,10,1,0
8080,0.46752,0,0,0,0,0,0,0,0,0,0,0,2,48,66,132,61,91,0,0,0
8090,0.428907,0,0,0,0,0,0,0,0,0,0,0,22,83,47,117,50,81,0,0,0
8100,0.413036,0,0,0,0,0,0,0,0,0,0,0,32,86,61,95,75,45,6,0,0
8110,0.444508,0,0,0,0,0,0,0,0,0,0,0,28,64,59,68,107,74,0,0,0
8120,0.414492,0,0,0,0,0,0,0,0,0,0,0,40,92,56,43,110,59,0,0,0
8130,0.483923,0,0,0,0,0,0,0,0,0,0,5,15,26,57,74,142,81,0,0,0
8140,0.495052,0,0,0,0,0,0,0,0,0,0,2,8,4,63,118,137,66,2,0,0
8150,0.495679,0,0,0,0,0,0,0,0,0,0,0,4,8,47,135,141,65,0,0,0
8160,0.504742,0,0,0,0,0,0,0,0,0,0,0,0,0,64,109,175,52,0,0,0
8170,0.508889,0,0,0,0,0,0,0,0,0,0,0,0,4,72,106,146,65,7,0,0
8180,0.508813,0,0,0,0,0,0,0,0,0,0,0,0,13,64,80,181,53,9,0,0
8190,0.550377,0,0,0,0,0,0,0,0,0,0,0,0,11,27,103,124,83,42,10,0
8200,0.571946,0,0,0,0,0,0,0,0,0,0,0,0,5,36,77,125,76,64,17,0
8210,0.589442,0,0,0,0,0,0,0,0,0,0,0,0,8,33,65,121,81,64,28,0
8220,0.575889,0,0,0,0,0,0,0,0,0,0,0,0,6,15,92,116,111,54,6,0
8230,0.571054,0,0,0,0,0,0,0,0,0,0,0,0,1,33,87,107,113,54,5,0
8240,0.557883,0,0,0,0,0,0,0,0,0,0,0,0,1,47,92,95,115,47,3,0
8250,0.557365,0,0,0,0,0,0,0,0,0,0,0,0,0,30,99,115,121,35,0,0
8260,0.524676,0,0,0,0,0,0,0,0,0,0,0,0,1,32,162,112,54,37,2,0
8270,0.534234,0,0,0,0,0,0,0,0,0,0,0,0,0,34,122,145,86,13,0,0
8280,0.532735,0,0,0,0,0,0,0,0,0,0,0,0,0,65,81,126,113,15,0,0
8290,0.573374,0,0,0,0,0,0,0,0,0,0,0,0,1,20,97,109,104,69,0,0
8300,0.57989,0,0,0,0,0,0,0,0,0,0,0,0,8,5,97,106,117,66,1,0
8310,0.590138,0,0,0,0,0,0,0,0,0,0,0,0,3,6,83,131,91,86,0,0
8320,0.593848,0,0,0,0,0,0,0,0,0,0,0,0,2,18,77,113,93,89,8,0
8330,0.592037,0,0,0,0,0,0,0,0,0,0,0,0,0,10,42,168,118,62,0,0
8340,0.592534,0,0,0,0,0,0,0,0,0,0,0,0,2,2,68,151,101,76,0,0
8350,0.635385,0,0,0,0,0,0,0,0,0,0,0,0,0,2,34,93,159,110,2,0
8360,0.640074,0,0,0,0,0,0,0,0,0,0,0,0,0,0,18,138,118,112,14,0
8370,0.603037,0,0,0,0,0,0,0,0,0,0,0,0,0,2,59,145,130,53,11,0
8380,0.561433,0,0,0,0,0,0,0,0,0,0,0,0,0,15,114,147,64,52,8,0
8390,0.59309,0,0,0,0,0,0,0,0,0,0,0,0,0,9,99,124,78,57,31,2
8400,0.553482,0,0,0,0,0,0,0,0,0,0,0,0,0,17,149,125,53,26,24,6
8410,0.543626,0,0,0,0,0,0,0,0,0,0,0,0,0,16,162,121,53,32,16,0
8420,0.548842,0,0,0,0,0,0,0,0,0,0,0,0,0,22,132,142,54,39,11,0
8430,0.572126,0,0,0,0,0,0,0,0,0,0,0,0,0,4,135,136,46,63,16,0
8440,0.579388,0,0,0,0,0,0,0,0,0,0,0,0,0,0,111,156,58,54,21,0
8450,0.573926,0,0,0,0,0,0,0,0,0,0,0,0,0,2,112,157,67,41,17,4
8460,0.598571,0,0,0,0,0,0,0,0,0,0,0,0,0,0,119,123,49,75,29,5
8470,0.632978,0,0,0,0,0,0,0,0,0,0,0,0,0,2,86,116,48,68,76,4
8480,0.624165,0,0,0,0,0,0,0,0,0,0,0,0,0,9,79,121,67,36,85,3
8490,0.605333,0,0,0,0,0,0,0,0,0,0,0,0,0,27,83,119,55,43,65,8
8500,0.597683,0,0,0,0,0,0,0,0,0,0,0,0,2,13,110,116,69,22,58,10
8510,0.589671,0,0,0,0,0,0,0,0,0,0,0,0,6,14,102,107,87,39,39,6
8520,0.559949,0,0,0,0,0,0,0,0,0,0,0,0,12,22,95,142,65,38,25,1
8530,0.56326,0,0,0,0,0,0,0,0,0,0,0,6,26,20,92,84,79,69,16,8
8540,0.573901,0,0,0,0,0,0,0,0,0,0,0,5,26,28,72,71,82,95,21,0
8550,0.572116,0,0,0,0,0,0,0,0,0,0,0,10,17,8,81,109,77,91,7,0
8560,0.607284,0,0,0,0,0,0,0,0,0,0,0,1,0,5,84,123,73,98,16,0
8570,0.63138,0,0,0,0,0,0,0,0,0,0,0,0,0,9,51,103,99,126,12,0
8580,0.644411,0,0,0,0,0,0,0,0,0,0,0,0,0,13,40,107,72,148,20,0
8590,0.63105,0,0,0,0,0,0,0,0,0,0,0,0,0,13,55,127,59,103,42,1
8600,0.612133,0,0,0,0,0,0,0,0,0,0,0,0,0,14,85,95,80,94,31,1
8610,0.535995,0,0,0,0,0,0,0,0,0,0,0,0,0,34,132,124,72,29,9,0
8620,0.559621,0,0,0,0,0,0,0,0,0,0,0,0,0,39,74,158,86,43,0,0
8630,0.567761,0,0,0,0,0,0,0,0,0,0,0,0,3,41,69,152,68,47,20,0
8640,0.55704,0,0,0,0,0,0,0,0,0,0,0,0,13,32,88,119,90,41,16,1
8650,0.577878,0,0,0,0,0,0,0,0,0,0,0,0,8,54,61,74,125,49,29,0
8660,0.567415,0,0,0,0,0,0,0,0,0,0,0,1,15,41,71,79,116,66,11,0
8670,0.551264,0,0,0,0,0,0,0,0,0,0,0,9,25,31,74,81,118,56,6,0
8680,0.541218,0,0,0,0,0,0,0,0,0,0,0,3,29,6,101,122,90,48,1,0
8690,0.583511,0,0,0,0,0,0,0,0,0,0,0,0,6,2,105,126,80,68,13,0
8700,0.525309,0,0,0,0,0,0,0,0,0,0,0,0,5,28,165,111,57,25,9,0
8710,0.512063,0,0,0,0,0,0,0,0,0,0,0,4,10,32,168,115,18,48,5,0
8720,0.533272,0,0,0,0,0,0,0,0,0,0,0,0,1,25,153,133,48,26,14,0
8730,0.522529,0,0,0,0,0,0,0,0,0,0,0,0,12,6,197,111,33,23,18,0
8740,0.496228,0,0,0,0,0,0,0,0,0,0,0,0,5,26,215,120,17,17,0,0
8750,0.518094,0,0,0,0,0,0,0,0,0,0,0,0,0,40,140,152,53,15,0,0
8760,0.541863,0,0,0,0,0,0,0,0,0,0,0,0,5,28,101,158,79,29,0,0
8770,0.545998,0,0,0,0,0,0,0,0,0,0,0,0,3,41,90,141,94,31,0,0
8780,0.570498,0,0,0,0,0,0,0,0,0,0,0,0,5,27,76,114,127,51,0,0
8790,0.597513,0,0,0,0,0,0,0,0,0,0,0,0,26,4,65,75,121,107,2,0
8800,0.588395,0,0,0,0,0,0,0,0,0,0,0,1,38,6,55,87,98,95,20,0
8810,0.561179,0,0,0,0,0,0,0,0,0,0,0,3,63,7,39,92,126,45,25,0
8820,0.542538,0,0,0,0,0,0,0,0,0,0,0,7,67,10,59,102,72,50,31,2
8830,0.519384,0,0,0,0,0,0,0,0,0,0,0,25,48,16,51,130,72,38,13,7
8840,0.511907,0,0,0,0,0,0,0,0,0,0,0,32,41,37,48,106,88,27,4,17
8850,0.477262,0,0,0,0,0,0,0,0,0,0,0,22,53,47,114,69,71,2,10,12
8860,0.458888,0,0,0,0,0,0,0,0,0,0,3,10,30,97,137,63,35,2,0,23
8870,0.486174,0,0,0,0,0,0,0,0,0,0,0,1,25,131,105,54,35,20,4,25
8880,0.519979,0,0,0,0,0,0,0,0,0,0,0,8,19,120,92,50,27,32,1,51
8890,0.505621,0,0,0,0,0,0,0,0,0,0,0,2,12,128,95,63,25,45,4,26
8900,0.486403,0,0,0,0,0,0,0,0,0,0,0,0,8,107,149,70,24,25,2,15
8910,0.47804,0,0,0,0,0,0,0,0,0,0,0,0,18,105,158,73,15,2,3,26
8920,0.509001,0,0,0,0,0,0,0,0,0,0,0,0,18,108,125,62,38,5,0,44
8930,0.511966,0,0,0,0,0,0,0,0,0,0,0,0,9,119,98,85,42,9,3,35
8940,0.48332,0,0,0,0,0,0,0,0,0,0,0,0,7,139,105,82,24,18,15,10
8950,0.484293,0,0,0,0,0,0,0,0,0,0,0,0,18,90,129,93,49,17,2,2
8960,0.48918,0,0,0,0,0,0,0,0,0,0,0,0,13,64,123,148,52,0,0,0
8970,0.458814,0,0,0,0,0,0,0,0,0,0,0,6,30,82,116,138,27,1,0,0
8980,0.451585,0,0,0,0,0,0,0,0,0,0,0,6,29,84,138,128,15,0,0,0
8990,0.452843,0,0,0,0,0,0,0,0,0,0,0,2,19,95,150,102,32,0,0,0
9000,0.455385,0,0,0,0,0,0,0,0,0,0,0,0,28,117,87,135,33,0,0,0
9010,0.45212,0,0,0,0,0,0,0,0,0,0,0,2,20,101,134,127,16,0,0,0
9020,0.437113,0,0,0,0,0,0,0,0,0,0,0,0,12,135,149,92,12,0,0,0
9030,0.418696,0,0,0,0,0,0,0,0,0,0,0,0,24,149,154,60,11,2,0,0
9040,0.391785,0,0,0,0,0,0,0,0,0,0,0,0,15,218,142,25,0,0,0,0
9050,0.393051,0,0,0,0,0,0,0,0,0,0,0,0,24,180,189,7,0,0,0,0
9060,0.389784,0,0,0,0,0,0,0,0,0,0,0,1,40,157,197,5,0,0,0,0
9070,0.390107,0,0,0,0,0,0,0,0,0,0,0,0,56,144,179,21,0,0,0,0
9080,0.365196,0,0,0,0,0,0,0,0,0,0,0,3,79,171,136,11,0,0,0,0
9090,0.362099,0,0,0,0,0,0,0,0,0,0,0,5,101,156,117,21,0,0,0,0
9100,0.335704,0,0,0,0,0,0,0,0,0,0,0,6,169,104,114,7,0,0,0,0
9110,0.307066,0,0,0,0,0,0,0,0,0,0,0,39,185,97,70,9,0,0,0,0
9120,0.30516,0,0,0,0,0,0,0,0,0,0,12,41,155,96,95,1,0,0,0,0
9130,0.314537,0,0,0,0,0,0,0,0,0,0,9,71,83,141,90,6,0,0,0,0
9140,0.294342,0,0,0,0,0,0,0,0,0,0,16,98,82,122,64,18,0,0,0,0
9150,0.314345,0,0,0,0,0,0,0,0,0,0,16,27,126,138,90,3,0,0,0,0
9160,0.328436,0,0,0,0,0,0,0,0,0,0,1,31,128,152,62,26,0,0,0,0
9170,0.354289,0,0,0,0,0,0,0,0,0,0,4,10,111,148,88,39,0,0,0,0
9180,0.37359,0,0,0,0,0,0,0,0,0,0,1,13,81,164,85,51,5,0,0,0
9190,0.387759,0,0,0,0,0,0,0,0,0,0,0,1,66,161,121,49,2,0,0,0
9200,0.369321,0,0,0,0,0,0,0,0,0,0,0,10,77,169,111,21,12,0,0,0
9210,0.383954,0,0,0,0,0,0,0,0,0,0,0,10,58,184,106,25,17,0,0,0
9220,0.405716,0,0,0,0,0,0,0,0,0,0,0,5,30,190,98,59,18,0,0,0
9230,0.376147,0,0,0,0,0,0,0,0,0,0,0,24,52,154,138,30,2,0,0,0
9240,0.395756,0,0,0,0,0,0,0,0,0,0,5,17,55,118,133,71,1,0,0,0
9250,0.38196,0,0,0,0,0,0,0,0,0,0,2,44,52,91,147,59,5,0,0,0
9260,0.36633,0,0,0,0,0,0,0,0,0,0,3,68,50,74,155,46,4,0,0,0
9270,0.411714,0,0,0,0,0,0,0,0,0,0,9,27,16,70,213,62,3,0,0,0
9280,0.434761,0,0,0,0,0,0,0,0,0,0,3,10,36,61,187,102,1,0,0,0
9290,0.412453,0,0,0,0,0,0,0,0,0,0,3,32,38,60,178,88,1,0,0,0
9300,0.411695,0,0,0,0,0,0,0,0,0,0,5,13,28,110,177,58,9,0,0,0
9310,0.41075,0,0,0,0,0,0,0,0,0,0,6,4,16,155,165,39,14,1,0,0
9320,0.419168,0,0,0,0,0,0,0,0,0,0,1,0,8,157,186,41,7,0,0,0
9330,0.444205,0,0,0,0,0,0,0,0,0,0,0,0,4,117,202,62,15,0,0,0
9340,0.419654,0,0,0,0,0,0,0,0,0,0,0,0,5,161,181,48,5,0,0,0
9350,0.436761,0,0,0,0,0,0,0,0,0,0,0,0,0,109,241,44,6,0,0,0
9360,0.445314,0,0,0,0,0,0,0,0,0,0,0,0,0,95,249,49,7,0,0,0
9370,0.461881,0,0,0,0,0,0,0,0,0,0,0,0,1,75,227,70,27,0,0,0
9380,0.455382,0,0,0,0,0,0,0,0,0,0,0,0,2,102,204,54,38,0,0,0
9390,0.447239,0,0,0,0,0,0,0,0,0,0,0,0,7,114,196,53,29,1,0,0
9400,0.441073,0,0,0,0,0,0,0,0,0,0,0,4,14,107,192,57,26,0,0,0
9410,0.431123,0,0,0,0,0,0,0,0,0,0,0,9,20,123,161,76,11,0,0,0
9420,0.37572,0,0,0,0,0,0,0,0,0,0,1,20,62,151,124,42,0,0,0,0
9430,0.350416,0,0,0,0,0,0,0,0,0,0,8,49,78,113,113,37,2,0,0,0
9440,0.310875,0,0,0,0,0,0,0,0,0,0,42,71,76,56,117,36,2,0,0,0
9450,0.289031,0,0,0,0,0,0,0,0,0,5,85,56,50,70,94,37,3,0,0,0
9460,0.328764,0,0,0,0,0,0,0,0,0,0,40,62,34,129,99,21,13,2,0,0
9470,0.334984,0,0,0,0,0,0,0,0,0,0,37,50,48,107,119,36,3,0,0,0
9480,0.317098,0,0,0,0,0,0,0,0,0,1,32,100,33,104,67,62,1,0,0,0
9490,0.305471,0,0,0,0,0,0,0,0,0,0,44,96,33,99,91,37,0,0,0,0
9500,0.347947,0,0,0,0,0,0,0,0,0,1,20,92,19,79,112,73,4,0,0,0
9510,0.375897,0,0,0,0,0,0,0,0,0,4,15,60,45,69,101,79,27,0,0,0
9520,0.452404,0,0,0,0,0,0,0,0,0,5,2,40,21,81,82,76,77,16,0,0
9530,0.47537,0,0,0,0,0,0,0,0,0,1,1,20,5,102,118,53,65,35,0,0
9540,0.50817,0,0,0,0,0,0,0,0,0,0,0,19,5,86,107,51,65,67,0,0
9550,0.524981,0,0,0,0,0,0,0,0,0,0,0,11,2,76,100,80,68,63,0,0
9560,0.559011,0,0,0,0,0,0,0,0,0,0,0,5,9,41,103,71,90,68,13,0
9570,0.547536,0,0,0,0,0,0,0,0,0,0,0,2,2,65,91,93,97,42,7,1
9580,0.569438,0,0,0,0,0,0,0,0,0,0,0,1,4,43,53,122,130,37,10,0
9590,0.546897,0,0,0,0,0,0,0,0,0,0,0,0,21,57,38,132,99,51,2,0
9600,0.551139,0,0,0,0,0,0,0,0,0,0,0,13,48,20,22,109,104,83,1,0
9610,0.507566,0,0,0,0,0,0,0,0,0,0,0,15,59,68,13,97,69,77,2,0
9620,0.514838,0,0,0,0,0,0,0,0,0,0,0,4,60,85,25,44,113,68,1,0
9630,0.532724,0,0,0,0,0,0,0,0,0,0,0,9,59,62,20,38,154,49,9,0
9640,0.505215,0,0,0,0,0,0,0,0,0,0,0,13,88,48,20,28,139,60,4,0
9650,0.480585,0,0,0,0,0,0,0,0,0,0,0,11,95,51,32,61,117,26,7,0
9660,0.431331,0,0,0,0,0,0,0,0,0,0,0,20,124,47,65,55,59,22,8,0
9670,0.430973,0,0,0,0,0,0,0,0,0,0,0,17,124,51,62,51,62,22,11,0
9680,0.469642,0,0,0,0,0,0,0,0,0,0,0,8,62,54,119,64,56,29,8,0
9690,0.512678,0,0,0,0,0,0,0,0,0,0,0,22,19,59,100,61,66,68,5,0
9700,0.544612,0,0,0,0,0,0,0,0,0,0,0,9,7,50,128,61,42,80,23,0
9710,0.540521,0,0,0,0,0,0,0,0,0,0,0,4,8,42,126,103,42,51,24,0
9720,0.549032,0,0,0,0,0,0,0,0,0,0,0,1,6,33,132,112,44,40,32,0
9730,0.555441,0,0,0,0,0,0,0,0,0,0,0,0,1,34,132,89,80,46,18,0
9740,0.554683,0,0,0,0,0,0,0,0,0,0,0,0,0,24,171,61,65,49,30,0
9750,0.545984,0,0,0,0,0,0,0,0,0,0,0,0,0,12,151,145,56,16,17,3
9760,0.536333,0,0,0,0,0,0,0,0,0,0,0,0,0,10,180,126,40,29,15,0
9770,0.550663,0,0,0,0,0,0,0,0,0,0,0,0,0,28,165,103,27,32,44,1
9780,0.557402,0,0,0,0,0,0,0,0,0,0,0,0,0,23,200,71,21,26,39,20
9790,0.553224,0,0,0,0,0,0,0,0,0,0,0,0,0,38,177,96,12,18,25,34
9800,0.532646,0,0,0,0,0,0,0,0,0,0,0,0,0,43,143,130,46,16,5,17
9810,0.546679,0,0,0,0,0,0,0,0,0,0,0,0,0,23,115,166,76,2,5,13
9820,0.514169,0,0,0,0,0,0,0,0,0,0,0,0,2,6,189,147,54,2,0,0
9830,0.501538,0,0,0,0,0,0,0,0,0,0,0,0,0,27,182,151,40,0,0,0
9840,0.516095,0,0,0,0,0,0,0,0,0,0,0,0,0,11,146,212,31,0,0,0
9850,0.514492,0,0,0,0,0,0,0,0,0,0,0,0,0,8,136,229,27,0,0,0
9860,0.511323,0,0,0,0,0,0,0,0,0,0,0,0,0,38,148,150,63,1,0,0
9870,0.492275,0,0,0,0,0,0,0,0,0,0,0,0,1,74,134,133,53,5,0,0
9880,0.496746,0,0,0,0,0,0,0,0,0,0,0,0,15,54,145,128,46,12,0,0
9890,0.496471,0,0,0,0,0,0,0,0,0,0,0,0,2,56,163,114,54,11,0,0
9900,0.48458,0,0,0,0,0,0,0,0,0,0,0,0,2,70,175,94,59,0,0,0
9910,0.50729,0,0,0,0,0,0,0,0,0,0,0,0,0,54,164,86,94,2,0,0
9920,0.516305,0,0,0,0,0,0,0,0,0,0,0,0,1,41,171,87,81,19,0,0
9930,0.490762,0,0,0,0,0,0,0,0,0,0,0,0,3,71,181,61,81,3,0,0
9940,0.496624,0,0,0,0,0,0,0,0,0,0,0,0,2,56,199,71,49,23,0,0
9950,0.530668,0,0,0,0,0,0,0,0,0,0,0,0,0,28,190,68,62,50,2,0
9960,0.553763,0,0,0,0,0,0,0,0,0,0,0,0,0,27,154,78,53,82,6,0
9970,0.594273,0,0,0,0,0,0,0,0,0,0,0,0,0,8,113,102,52,106,18,1
9980,0.591756,0,0,0,0,0,0,0,0,0,0,0,0,0,16,109,90,86,74,24,1
9990,0.577402,0,0,0,0,0,0,0,0,0,0,0,0,0,17,133,84,78,78,10,0
10000,0.578407,0,0,0,0,0,0,0,0,0,0,0,0,3,25,81,132,96,37,26,0
10010,0.580131,0,0,0,0,0,0,0,0,0,0,0,0,6,8,94,157,66,35,24,10
10020,0.572229,0,0,0,0,0,0,0,0,0,0,0,0,7,6,129,104,86,45,22,1
10030,0.573677,0,0,0,0,0,0,0,0,0,0,0,0,2,28,83,129,75,74,9,0
10040,0.565209,0,0,0,0,0,0,0,0,0,0,0,0,2,18,135,109,34,91,11,0
10050,0.617017,0,0,0,0,0,0,0,0,0,0,0,0,9,41,71,63,37,130,48,1
10060,0.640053,0,0,0,0,0,0,0,0,0,0,0,0,7,34,82,40,28,113,95,1
10070,0.610034,0,0,0,0,0,0,0,0,0,0,0,0,2,30,104,63,49,113,32,7
10080,0.590414,0,0,0,0,0,0,0,0,0,0,0,0,0,31,132,59,32,122,18,6
10090,0.587406,0,0,0,0,0,0,0,0,0,0,0,0,0,28,142,42,45,122,19,2
10100,0.577713,0,0,0,0,0,0,0,0,0,0,0,0,4,35,146,42,37,107,22,7
10110,0.603126,0,0,0,0,0,0,0,0,0,0,0,0,3,29,152,33,26,73,60,24
10120,0.567371,0,0,0,0,0,0,0,0,0,0,0,0,5,57,153,29,29,72,42,13
10130,0.466957,0,0,0,0,0,0,0,0,0,0,0,0,5,103,196,56,10,20,10,0
10140,0.489325,0,0,0,0,0,0,0,0,0,0,0,1,14,91,164,72,11,18,24,5
10150,0.45936,0,0,0,0,0,0,0,0,0,0,0,0,6,121,176,69,5,9,9,5
10160,0.475149,0,0,0,0,0,0,0,0,0,0,0,0,4,101,184,79,0,2,25,5
10170,0.455406,0,0,0,0,0,0,0,0,0,0,0,0,2,127,156,97,4,0,13,1
10180,0.481724,0,0,0,0,0,0,0,0,0,0,0,0,4,96,178,67,27,0,25,3
10190,0.433352,0,0,0,0,0,0,0,0,0,0,0,0,34,103,188,61,12,0,2,0
10200,0.431199,0,0,0,0,0,0,0,0,0,0,0,5,43,93,163,70,26,0,0,0
10210,0.421412,0,0,0,0,0,0,0,0,0,0,0,0,39,92,221,33,15,0,0,0
10220,0.426799,0,0,0,0,0,0,0,0,0,0,0,0,52,80,175,89,4,0,0,0
10230,0.408044,0,0,0,0,0,0,0,0,0,0,0,7,85,110,95,71,32,0,0,0
10240,0.421513,0,0,0,0,0,0,0,0,0,0,0,4,56,122,91,113,14,0,0,0
10250,0.439787,0,0,0,0,0,0,0,0,0,0,0,6,78,69,77,113,57,0,0,0
10260,0.452773,0,0,0,0,0,0,0,0,0,0,0,13,73,30,116,105,62,1,0,0
10270,0.459071,0,0,0,0,0,0,0,0,0,0,0,10,69,30,114,110,67,0,0,0
10280,0.484651,0,0,0,0,0,0,0,0,0,0,0,3,38,57,100,141,52,9,0,0
10290,0.464448,0,0,0,0,0,0,0,0,0,0,0,1,56,69,85,150,34,5,0,0
10300,0.452241,0,0,0,0,0,0,0,0,0,0,0,0,51,75,94,165,15,0,0,0
10310,0.462286,0,0,0,0,0,0,0,0,0,0,0,1,22,86,134,143,14,0,0,0
10320,0.463767,0,0,0,0,0,0,0,0,0,0,0,0,16,87,131,157,9,0,0,0
10330,0.459724,0,0,0,0,0,0,0,0,0,0,0,0,23,87,123,152,15,0,0,0
10340,0.461222,0,0,0,0,0,0,0,0,0,0,0,0,37,91,103,129,30,10,0,0
10350,0.479636,0,0,0,0,0,0,0,0,0,0,0,2,13,89,98,157,35,6,0,0
10360,0.471037,0,0,0,0,0,0,0,0,0,0,0,0,29,57,154,129,30,1,0,0
10370,0.468252,0,0,0,0,0,0,0,0,0,0,0,0,51,62,95,154,31,7,0,0
10380,0.426976,0,0,0,0,0,0,0,0,0,0,0,0,76,116,86,87,27,8,0,0
10390,0.427634,0,0,0,0,0,0,0,0,0,0,0,0,87,92,90,89,36,6,0,0
10400,0.476959,0,0,0,0,0,0,0,0,0,0,0,22,65,44,79,66,95,29,0,0
10410,0.504752,0,0,0,0,0,0,0,0,0,0,0,9,61,67,58,30,123,52,0,0
10420,0.521566,0,0,0,0,0,0,0,0,0,0,1,6,36,58,88,39,126,45,1,0
10430,0.543833,0,0,0,0,0,0,0,0,0,0,0,2,23,48,77,100,86,60,4,0
10440,0.512029,0,0,0,0,0,0,0,0,0,0,0,0,17,33,159,115,39,30,7,0
10450,0.506674,0,0,0,0,0,0,0,0,0,0,0,0,23,21,173,96,61,25,1,0
10460,0.518447,0,0,0,0,0,0,0,0,0,0,0,0,11,27,152,139,33,36,2,0
10470,0.518703,0,0,0,0,0,0,0,0,0,0,0,1,17,79,79,123,58,22,21,0
10480,0.518772,0,0,0,0,0,0,0,0,0,0,0,0,23,77,87,92,73,25,23,0
10490,0.579566,0,0,0,0,0,0,0,0,0,0,0,0,7,65,37,109,78,82,22,0
10500,0.595868,0,0,0,0,0,0,0,0,0,0,0,0,20,39,38,83,92,117,11,0
10510,0.646194,0,0,0,0,0,0,0,0,0,0,0,0,7,27,40,40,101,156,29,0
10520,0.630203,0,0,0,0,0,0,0,0,0,0,0,0,2,38,44,66,91,123,34,2
10530,0.598542,0,0,0,0,0,0,0,0,0,0,0,0,5,59,41,72,98,101,24,0
10540,0.596852,0,0,0,0,0,0,0,0,0,0,0,0,1,60,57,36,127,101,18,0
10550,0.604027,0,0,0,0,0,0,0,0,0,0,0,0,3,65,44,44,120,78,45,1
10560,0.587603,0,0,0,0,0,0,0,0,0,0,0,0,11,88,54,47,79,37,76,8
10570,0.570512,0,0,0,0,0,0,0,0,0,0,0,0,8,50,86,91,85,35,35,10
10580,0.520896,0,0,0,0,0,0,0,0,0,0,0,0,2,61,135,90,86,14,11,1
10590,0.467253,0,0,0,0,0,0,0,0,0,0,0,0,25,101,117,99,54,3,1,0
10600,0.441723,0,0,0,0,0,0,0,0,0,0,0,35,30,112,91,43,71,17,1,0
10610,0.448436,0,0,0,0,0,0,0,0,0,0,0,5,22,155,100,45,65,6,2,0
10620,0.455829,0,0,0,0,0,0,0,0,0,0,0,9,27,121,110,50,75,8,0,0
10630,0.440391,0,0,0,0,0,0,0,0,0,0,0,7,48,120,122,13,82,8,0,0
10640,0.433216,0,0,0,0,0,0,0,0,0,0,0,7,49,166,86,3,42,46,1,0
10650,0.431753,0,0,0,0,0,0,0,0,0,0,0,16,58,165,38,29,62,30,2,0
10660,0.354873,0,0,0,0,0,0,0,0,0,0,0,27,134,127,42,47,19,4,0,0
10670,0.338258,0,0,0,0,0,0,0,0,0,0,0,47,134,118,42,38,21,0,0,0
10680,0.340106,0,0,0,0,0,0,0,0,0,0,0,8,171,127,62,24,8,0,0,0
10690,0.330681,0,0,0,0,0,0,0,0,0,0,0,10,153,168,45,6,18,0,0,0
10700,0.314117,0,0,0,0,0,0,0,0,0,0,0,28,186,116,55,4,9,2,0,0
10710,0.34305,0,0,0,0,0,0,0,0,0,0,2,25,84,182,103,1,2,1,0,0
10720,0.321199,0,0,0,0,0,0,0,0,0,0,0,48,102,179,65,6,0,0,0,0
10730,0.313719,0,0,0,0,0,0,0,0,0,0,7,33,147,148,55,10,0,0,0,0
10740,0.313963,0,0,0,0,0,0,0,0,0,0,4,44,89,214,49,0,0,0,0,0
10750,0.311425,0,0,0,0,0,0,0,0,0,0,0,54,97,198,50,1,0,0,0,0
10760,0.34192,0,0,0,0,0,0,0,0,0,0,0,16,74,247,62,1,0,0,0,0
10770,0.342872,0,0,0,0,0,0,0,0,0,0,0,13,74,244,67,2,0,0,0,0
10780,0.343002,0,0,0,0,0,0,0,0,0,0,0,11,69,263,57,0,0,0,0,0
10790,0.36121,0,0,0,0,0,0,0,0,0,0,0,2,55,241,99,3,0,0,0,0
10800,0.343458,0,0,0,0,0,0,0,0,0,0,0,9,100,206,82,3,0,0,0,0
10810,0.326872,0,0,0,0,0,0,0,0,0,0,1,21,114,197,60,7,0,0,0,0
10820,0.304893,0,0,0,0,0,0,0,0,0,0,0,57,124,153,63,3,0,0,0,0
10830,0.293843,0,0,0,0,0,0,0,0,0,0,2,61,141,144,52,0,0,0,0,0
10840,0.266631,0,0,0,0,0,0,0,0,0,0,2,119,125,118,36,0,0,0,0,0
10850,0.245305,0,0,0,0,0,0,0,0,0,0,35,128,92,104,41,0,0,0,0,0
10860,0.226179,0,0,0,0,0,0,0,0,0,0,73,103,102,92,24,6,0,0,0,0
10870,0.260563,0,0,0,0,0,0,0,0,0,1,39,86,144,58,56,16,0,0,0,0
10880,0.283034,0,0,0,0,0,0,0,0,0,0,9,81,166,65,72,7,0,0,0,0
10890,0.289366,0,0,0,0,0,0,0,0,0,0,6,66,189,71,61,7,0,0,0,0
10900,0.31709,0,0,0,0,0,0,0,0,0,0,3,32,160,129,46,30,0,0,0,0
10910,0.340088,0,0,0,0,0,0,0,0,0,0,2,17,169,87,103,18,4,0,0,0
10920,0.348842,0,0,0,0,0,0,0,0,0,0,0,21,158,70,113,37,1,0,0,0
10930,0.332858,0,0,0,0,0,0,0,0,0,0,0,18,141,150,77,14,0,0,0,0
10940,0.309629,0,0,0,0,0,0,0,0,0,0,0,42,146,146,65,1,0,0,0,0
10950,0.303892,0,0,0,0,0,0,0,0,0,0,0,40,131,205,24,0,0,0,0,0
10960,0.288143,0,0,0,0,0,0,0,0,0,0,12,52,152,136,48,0,0,0,0,0
10970,0.308266,0,0,0,0,0,0,0,0,0,0,2,62,143,86,105,2,0,0,0,0
10980,0.277619,0,0,0,0,0,0,0,0,0,0,0,72,186,97,44,1,0,0,0,0
10990,0.279644,0,0,0,0,0,0,0,0,0,0,0,57,197,125,21,0,0,0,0,0
11000,0.27284,0,0,0,0,0,0,0,0,0,0,16,55,189,101,39,0,0,0,0,0
11010,0.257675,0,0,0,0,0,0,0,0,0,2,38,62,148,118,32,0,0,0,0,0
11020,0.257798,0,0,0,0,0,0,0,0,0,0,17,66,203,105,9,0,0,0,0,0
11030,0.2656,0,0,0,0,0,0,0,0,0,0,5,56,210,128,1,0,0,0,0,0
11040,0.2901,0,0,0,0,0,0,0,0,0,0,1,35,170,188,6,0,0,0,0,0
11050,0.309092,0,0,0,0,0,0,0,0,0,0,0,38,132,193,37,0,0,0,0,0
11060,0.35077,0,0,0,0,0,0,0,0,0,0,0,18,68,204,110,0,0,0,0,0
11070,0.352277,0,0,0,0,0,0,0,0,0,0,0,2,108,179,107,4,0,0,0,0
11080,0.357666,0,0,0,0,0,0,0,0,0,0,0,5,117,141,127,10,0,0,0,0
11090,0.339295,0,0,0,0,0,0,0,0,0,0,0,6,157,132,81,24,0,0,0,0
11100,0.331587,0,0,0,0,0,0,0,0,0,0,0,19,142,164,43,32,0,0,0,0
11110,0.35298,0,0,0,0,0,0,0,0,0,0,0,16,81,195,93,15,0,0,0,0
11120,0.326233,0,0,0,0,0,0,0,0,0,0,0,20,130,172,76,2,0,0,0,0
11130,0.293575,0,0,0,0,0,0,0,0,0,0,0,38,179,153,27,3,0,0,0,0
11140,0.296372,0,0,0,0,0,0,0,0,0,0,0,22,188,167,23,0,0,0,0,0
11150,0.286011,0,0,0,0,0,0,0,0,0,0,0,37,191,156,15,1,0,0,0,0
11160,0.270096,0,0,0,0,0,0,0,0,0,0,1,58,202,129,10,0,0,0,0,0
11170,0.266043,0,0,0,0,0,0,0,0,0,0,3,63,209,108,17,0,0,0,0,0
11180,0.295145,0,0,0,0,0,0,0,0,0,0,0,21,195,167,16,1,0,0,0,0
11190,0.282656,0,0,0,0,0,0,0,0,0,0,3,34,231,103,29,0,0,0,0,0
11200,0.286906,0,0,0,0,0,0,0,0,0,0,0,29,222,123,26,0,0,0,0,0
11210,0.285569,0,0,0,0,0,0,0,0,0,0,0,56,180,128,35,1,0,0,0,0
11220,0.283804,0,0,0,0,0,0,0,0,0,0,9,77,135,122,57,0,0,0,0,0
11230,0.306235,0,0,0,0,0,0,0,0,0,0,23,68,71,147,91,0,0,0,0,0
11240,0.30202,0,0,0,0,0,0,0,0,0,0,25,56,90,152,74,3,0,0,0,0
11250,0.31637,0,0,0,0,0,0,0,0,0,0,7,50,87,181,74,1,0,0,0,0
11260,0.328083,0,0,0,0,0,0,0,0,0,0,12,72,41,145,124,6,0,0,0,0
11270,0.346747,0,0,0,0,0,0,0,0,0,0,23,54,22,124,167,10,0,0,0,0
11280,0.356835,0,0,0,0,0,0,0,0,0,0,18,56,17,87,218,4,0,0,0,0
11290,0.363683,0,0,0,0,0,0,0,0,0,3,11,55,42,79,169,41,0,0,0,0
11300,0.360161,0,0,0,0,0,0,0,0,0,0,12,57,44,75,187,25,0,0,0,0
11310,0.333759,0,0,0,0,0,0,0,0,0,0,3,91,58,92,129,27,0,0,0,0
11320,0.30709,0,0,0,0,0,0,0,0,0,0,21,90,90,91,78,28,2,0,0,0
11330,0.256105,0,0,0,0,0,0,0,0,0,2,42,101,112,76,65,2,0,0,0,0
11340,0.230044,0,0,0,0,0,0,0,0,0,0,44,123,148,41,41,3,0,0,0,0
11350,0.238925,0,0,0,0,0,0,0,0,0,0,46,111,154,33,39,17,0,0,0,0
11360,0.234576,0,0,0,0,0,0,0,0,0,0,33,143,124,62,35,3,0,0,0,0
11370,0.243803,0,0,0,0,0,0,0,0,0,0,19,172,65,113,28,3,0,0,0,0
11380,0.258524,0,0,0,0,0,0,0,0,0,0,18,138,67,152,23,2,0,0,0,0
11390,0.232724,0,0,0,0,0,0,0,0,0,0,40,131,96,107,26,0,0,0,0,0
11400,0.239948,0,0,0,0,0,0,0,0,0,2,43,102,127,94,32,0,0,0,0,0
11410,0.232392,0,0,0,0,0,0,0,0,0,4,76,81,94,114,31,0,0,0,0,0
11420,0.245316,0,0,0,0,0,0,0,0,0,7,72,57,102,119,43,0,0,0,0,0
11430,0.258185,0,0,0,0,0,0,0,0,0,5,55,77,83,121,59,0,0,0,0,0
11440,0.28883,0,0,0,0,0,0,0,0,0,2,45,38,81,174,60,0,0,0,0,0
11450,0.302037,0,0,0,0,0,0,0,0,0,2,38,41,63,178,77,1,0,0,0,0
11460,0.298259,0,0,0,0,0,0,0,0,0,2,19,35,132,145,66,1,0,0,0,0
11470,0.290623,0,0,0,0,0,0,0,0,0,1,41,38,120,120,75,5,0,0,0,0
11480,0.311313,0,0,0,0,0,0,0,0,0,1,47,29,71,148,98,6,0,0,0,0
11490,0.293766,0,0,0,0,0,0,0,0,0,0,41,68,63,145,78,5,0,0,0,0
11500,0.27567,0,0,0,0,0,0,0,0,0,0,34,91,97,113,57,8,0,0,0,0
11510,0.216263,0,0,0,0,0,0,0,0,0,0,69,124,115,64,18,10,0,0,0,0
11520,0.211685,0,0,0,0,0,0,0,0,0,0,58,136,120,77,9,0,0,0,0,0
11530,0.21388,0,0,0,0,0,0,0,0,0,2,53,122,134,80,9,0,0,0,0,0
11540,0.195548,0,0,0,0,0,0,0,0,0,4,40,165,151,37,3,0,0,0,0,0
11550,0.200624,0,0,0,0,0,0,0,0,0,2,24,155,199,17,3,0,0,0,0,0
11560,0.200169,0,0,0,0,0,0,0,0,0,0,37,164,162,37,0,0,0,0,0,0
11570,0.21396,0,0,0,0,0,0,0,0,0,1,21,177,136,58,7,0,0,0,0,0
11580,0.193766,0,0,0,0,0,0,0,0,0,1,41,197,110,45,6,0,0,0,0,0
11590,0.176936,0,0,0,0,0,0,0,0,0,2,81,158,112,47,0,0,0,0,0,0
11600,0.168401,0,0,0,0,0,0,0,0,0,3,69,197,102,28,1,0,0,0,0,0
11610,0.160045,0,0,0,0,0,0,0,0,0,2,78,212,90,17,1,0,0,0,0,0
11620,0.15425,0,0,0,0,0,0,0,0,0,2,96,198,91,13,0,0,0,0,0,0
11630,0.152157,0,0,0,0,0,0,0,0,0,1,112,186,88,11,2,0,0,0,0,0
11640,0.157295,0,0,0,0,0,0,0,0,0,0,106,198,66,30,0,0,0,0,0,0
11650,0.169221,0,0,0,0,0,0,0,0,0,3,79,181,113,24,0,0,0,0,0,0
11660,0.161986,0,0,0,0,0,0,0,0,0,0,77,208,105,10,0,0,0,0,0,0
11670,0.162647,0,0,0,0,0,0,0,0,0,0,73,211,109,6,1,0,0,0,0,0
11680,0.186094,0,0,0,0,0,0,0,0,0,0,48,187,133,32,0,0,0,0,0,0
11690,0.206926,0,0,0,0,0,0,0,0,0,0,20,181,151,30,18,0,0,0,0,0
11700,0.20761,0,0,0,0,0,0,0,0,0,1,25,198,117,39,20,0,0,0,0,0
11710,0.22042,0,0,0,0,0,0,0,0,0,0,27,150,155,55,13,0,0,0,0,0
11720,0.234437,0,0,0,0,0,0,0,0,0,0,47,110,122,106,11,4,0,0,0,0
11730,0.207813,0,0,0,0,0,0,0,0,0,0,63,152,101,79,5,0,0,0,0,0
11740,0.169491,0,0,0,0,0,0,0,0,0,0,98,184,77,39,2,0,0,0,0,0
11750,0.185496,0,0,0,0,0,0,0,0,0,4,111,118,104,39,24,0,0,0,0,0
11760,0.195376,0,0,0,0,0,0,0,0,0,2,92,104,137,60,5,0,0,0,0,0
11770,0.200094,0,0,0,0,0,0,0,0,0,2,98,92,127,62,19,0,0,0,0,0
11780,0.194072,0,0,0,0,0,0,0,0,0,4,112,82,108,81,13,0,0,0,0,0
11790,0.204785,0,0,0,0,0,0,0,0,0,3,98,94,98,97,10,0,0,0,0,0
11800,0.218473,0,0,0,0,0,0,0,0,0,1,60,120,125,70,24,0,0,0,0,0
11810,0.23151,0,0,0,0,0,0,0,0,0,0,49,111,123,94,23,0,0,0,0,0
11820,0.240907,0,0,0,0,0,0,0,0,0,0,23,147,93,115,22,0,0,0,0,0
11830,0.275147,0,0,0,0,0,0,0,0,0,0,28,86,95,145,39,7,0,0,0,0
11840,0.296951,0,0,0,0,0,0,0,0,0,0,15,61,120,153,39,9,3,0,0,0
11850,0.289502,0,0,0,0,0,0,0,0,0,0,4,62,176,114,27,16,1,0,0,0
11860,0.299659,0,0,0,0,0,0,0,0,0,0,9,59,122,175,17,16,2,0,0,0
11870,0.277121,0,0,0,0,0,0,0,0,0,6,44,40,99,173,34,4,0,0,0,0
11880,0.304062,0,0,0,0,0,0,0,0,0,2,19,42,85,216,36,0,0,0,0,0
11890,0.295859,0,0,0,0,0,0,0,0,0,0,21,20,126,216,17,0,0,0,0,0
11900,0.301077,0,0,0,0,0,0,0,0,0,0,11,7,155,210,17,0,0,0,0,0
11910,0.301937,0,0,0,0,0,0,0,0,0,0,0,17,177,187,19,0,0,0,0,0
11920,0.295745,0,0,0,0,0,0,0,0,0,0,0,22,176,189,13,0,0,0,0,0
11930,0.303451,0,0,0,0,0,0,0,0,0,0,0,41,149,171,39,0,0,0,0,0
11940,0.318789,0,0,0,0,0,0,0,0,0,0,0,13,152,183,52,0,0,0,0,0
11950,0.326969,0,0,0,0,0,0,0,0,0,0,0,22,114,213,51,0,0,0,0,0
11960,0.346947,0,0,0,0,0,0,0,0,0,0,0,21,60,226,92,1,0,0,0,0
11970,0.364473,0,0,0,0,0,0,0,0,0,0,0,2,61,200,136,1,0,0,0,0
11980,0.372062,0,0,0,0,0,0,0,0,0,0,0,0,65,213,111,11,0,0,0,0
11990,0.38262,0,0,0,0,0,0,0,0,0,0,0,1,79,171,101,46,2,0,0,0
12000,0.398946,0,0,0,0,0,0,0,0,0,0,0,1,66,139,134,44,16,0,0,0
12010,0.430526,0,0,0,0,0,0,0,0,0,0,0,2,41,110,153,79,7,8,0,0
12020,0.441095,0,0,0,0,0,0,0,0,0,0,0,2,35,113,137,89,9,15,0,0
12030,0.391332,0,0,0,0,0,0,0,0,0,0,0,0,64,180,108,34,4,9,1,0
12040,0.411074,0,0,0,0,0,0,0,0,0,0,0,0,22,159,164,47,0,3,5,0
12050,0.406341,0,0,0,0,0,0,0,0,0,0,0,0,56,125,154,52,7,6,0,0
12060,0.410173,0,0,0,0,0,0,0,0,0,0,0,1,37,167,142,33,6,13,1,0
12070,0.433347,0,0,0,0,0,0,0,0,0,0,0,0,29,132,144,67,17,11,0,0
12080,0.440743,0,0,0,0,0,0,0,0,0,0,0,7,11,155,115,81,18,13,0,0
12090,0.407601,0,0,0,0,0,0,0,0,0,0,0,0,40,140,168,43,6,3,0,0
12100,0.404004,0,0,0,0,0,0,0,0,0,0,0,5,45,132,170,38,10,0,0,0
12110,0.407495,0,0,0,0,0,0,0,0,0,0,4,20,17,118,190,50,1,0,0,0
12120,0.386937,0,0,0,0,0,0,0,0,0,0,2,28,48,105,176,41,0,0,0,0
12130,0.438729,0,0,0,0,0,0,0,0,0,0,0,4,29,82,182,96,7,0,0,0
12140,0.416128,0,0,0,0,0,0,0,0,0,0,0,3,38,132,149,68,10,0,0,0
12150,0.400449,0,0,0,0,0,0,0,0,0,0,0,17,65,94,160,58,6,0,0,0
12160,0.412061,0,0,0,0,0,0,0,0,0,0,0,10,76,42,203,63,6,0,0,0
12170,0.425807,0,0,0,0,0,0,0,0,0,0,0,20,30,68,201,79,2,0,0,0
12180,0.430624,0,0,0,0,0,0,0,0,0,0,0,16,4,117,172,85,6,0,0,0
12190,0.443191,0,0,0,0,0,0,0,0,0,0,1,19,17,105,117,101,40,0,0,0
12200,0.41977,0,0,0,0,0,0,0,0,0,0,0,8,11,156,161,50,14,0,0,0
12210,0.441542,0,0,0,0,0,0,0,0,0,0,0,0,8,121,189,75,7,0,0,0
12220,0.451684,0,0,0,0,0,0,0,0,0,0,0,0,11,111,156,107,15,0,0,0
12230,0.484037,0,0,0,0,0,0,0,0,0,0,0,0,12,74,117,154,43,0,0,0
12240,0.467589,0,0,0,0,0,0,0,0,0,0,0,0,18,90,125,140,24,3,0,0
12250,0.465055,0,0,0,0,0,0,0,0,0,0,0,5,22,64,170,96,38,5,0,0
12260,0.457062,0,0,0,0,0,0,0,0,0,0,0,14,11,56,201,79,39,0,0,0
12270,0.468041,0,0,0,0,0,0,0,0,0,0,0,1,11,53,220,89,25,1,0,0
12280,0.483991,0,0,0,0,0,0,0,0,0,0,0,0,2,64,169,126,37,2,0,0
12290,0.522724,0,0,0,0,0,0,0,0,0,0,0,0,1,30,153,111,101,4,0,0
12300,0.528981,0,0,0,0,0,0,0,0,0,0,0,0,0,8,160,147,73,12,0,0
12310,0.509462,0,0,0,0,0,0,0,0,0,0,0,0,3,29,181,117,53,17,0,0
12320,0.539197,0,0,0,0,0,0,0,0,0,0,0,0,0,20,158,106,84,32,0,0
12330,0.529351,0,0,0,0,0,0,0,0,0,0,0,0,0,29,148,139,59,25,0,0
12340,0.530491,0,0,0,0,0,0,0,0,0,0,0,0,0,23,97,202,76,2,0,0
12350,0.527036,0,0,0,0,0,0,0,0,0,0,0,0,0,27,99,207,67,0,0,0
12360,0.52738,0,0,0,0,0,0,0,0,0,0,0,0,0,23,124,187,63,3,0,0
12370,0.5072,0,0,0,0,0,0,0,0,0,0,0,0,0,24,172,166,37,1,0,0
12380,0.50284,0,0,0,0,0,0,0,0,0,0,0,0,0,24,167,183,26,0,0,0
12390,0.496096,0,0,0,0,0,0,0,0,0,0,0,0,0,15,224,128,33,0,0,0
12400,0.502214,0,0,0,0,0,0,0,0,0,0,0,0,0,14,210,138,38,0,0,0
12410,0.492323,0,0,0,0,0,0,0,0,0,0,0,0,0,26,207,140,27,0,0,0
12420,0.481907,0,0,0,0,0,0,0,0,0,0,0,0,0,57,188,122,33,0,0,0
12430,0.46413,0,0,0,0,0,0,0,0,0,0,0,0,4,117,170,53,53,3,0,0
12440,0.443852,0,0,0,0,0,0,0,0,0,0,0,2,22,132,136,73,29,6,0,0
12450,0.455794,0,0,0,0,0,0,0,0,0,0,0,2,13,105,172,66,33,9,0,0
12460,0.445262,0,0,0,0,0,0,0,0,0,0,0,2,20,77,203,86,7,5,0,0
12470,0.450648,0,0,0,0,0,0,0,0,0,0,0,0,26,66,202,94,12,0,0,0
12480,0.471136,0,0,0,0,0,0,0,0,0,0,0,0,39,75,131,76,79,0,0,0
12490,0.442286,0,0,0,0,0,0,0,0,0,0,0,1,61,99,105,78,56,0,0,0
12500,0.445153,0,0,0,0,0,0,0,0,0,0,0,2,53,124,67,97,55,2,0,0
12510,0.494269,0,0,0,0,0,0,0,0,0,0,0,0,60,60,44,122,112,2,0,0
12520,0.478374,0,0,0,0,0,0,0,0,0,0,0,1,75,43,67,113,100,1,0,0
12530,0.482354,0,0,0,0,0,0,0,0,0,0,0,12,82,26,60,111,99,10,0,0
12540,0.508736,0,0,0,0,0,0,0,0,0,0,0,17,44,31,43,148,108,9,0,0
12550,0.544536,0,0,0,0,0,0,0,0,0,0,0,2,38,37,11,135,161,16,0,0
12560,0.455071,0,0,0,0,0,0,0,0,0,0,0,6,110,67,15,79,121,2,0,0
12570,0.462507,0,0,0,0,0,0,0,0,0,0,0,20,85,66,15,90,117,7,0,0
12580,0.459403,0,0,0,0,0,0,0,0,0,0,0,21,65,105,12,75,89,33,0,0
12590,0.430831,0,0,0,0,0,0,0,0,0,0,0,4,82,173,18,11,68,44,0,0
12600,0.429647,0,0,0,0,0,0,0,0,0,0,0,7,69,173,28,29,49,45,0,0
12610,0.461559,0,0,0,0,0,0,0,0,0,0,0,27,71,111,26,21,69,74,1,0
12620,0.462662,0,0,0,0,0,0,0,0,0,0,0,17,59,116,44,32,97,35,0,0
12630,0.432813,0,0,0,0,0,0,0,0,0,0,0,17,98,90,54,21,102,18,0,0
12640,0.389755,0,0,0,0,0,0,0,0,0,0,3,52,76,115,39,57,55,3,0,0
12650,0.380753,0,0,0,0,0,0,0,0,0,0,12,35,58,150,58,39,40,8,0,0
12660,0.386079,0,0,0,0,0,0,0,0,0,0,1,43,34,143,102,59,17,1,0,0
12670,0.392244,0,0,0,0,0,0,0,0,0,0,0,28,28,173,108,55,8,0,0,0
12680,0.417852,0,0,0,0,0,0,0,0,0,0,0,20,67,82,106,113,12,0,0,0
12690,0.365454,0,0,0,0,0,0,0,0,0,0,0,55,41,153,104,38,9,0,0,0
12700,0.375791,0,0,0,0,0,0,0,0,0,0,1,51,45,144,94,48,17,0,0,0
12710,0.404755,0,0,0,0,0,0,0,0,0,0,0,38,28,125,129,72,8,0,0,0
12720,0.39439,0,0,0,0,0,0,0,0,0,0,0,15,49,137,142,46,11,0,0,0
12730,0.384842,0,0,0,0,0,0,0,0,0,0,0,20,42,189,103,26,20,0,0,0
12740,0.369133,0,0,0,0,0,0,0,0,0,0,1,21,54,197,99,9,18,1,0,0
12750,0.40947,0,0,0,0,0,0,0,0,0,0,0,2,59,145,120,45,28,1,0,0
12760,0.393705,0,0,0,0,0,0,0,0,0,0,0,5,90,97,140,59,9,0,0,0
12770,0.42436,0,0,0,0,0,0,0,0,0,0,0,8,60,97,113,110,12,0,0,0
12780,0.471362,0,0,0,0,0,0,0,0,0,0,0,7,20,69,135,137,24,8,0,0
12790,0.473475,0,0,0,0,0,0,0,0,0,0,0,8,19,66,104,181,22,0,0,0
12800,0.490341,0,0,0,0,0,0,0,0,0,0,0,0,12,87,56,202,43,0,0,0
12810,0.480469,0,0,0,0,0,0,0,0,0,0,0,3,35,61,88,171,40,2,0,0
12820,0.489571,0,0,0,0,0,0,0,0,0,0,0,0,19,35,162,135,49,0,0,0
12830,0.510996,0,0,0,0,0,0,0,0,0,0,0,0,3,34,151,135,75,2,0,0
12840,0.518828,0,0,0,0,0,0,0,0,0,0,0,0,4,43,89,202,59,3,0,0
12850,0.534417,0,0,0,0,0,0,0,0,0,0,0,0,0,59,69,175,86,11,0,0
12860,0.489773,0,0,0,0,0,0,0,0,0,0,0,0,13,98,100,103,83,2,1,0
12870,0.471002,0,0,0,0,0,0,0,0,0,0,0,0,18,103,98,139,39,3,0,0
12880,0.448103,0,0,0,0,0,0,0,0,0,0,0,0,41,91,157,70,35,6,0,0
12890,0.467498,0,0,0,0,0,0,0,0,0,0,0,0,4,78,229,35,38,16,0,0
12900,0.449862,0,0,0,0,0,0,0,0,0,0,0,0,1,125,187,61,23,3,0,0
12910,0.412665,0,0,0,0,0,0,0,0,0,0,0,0,12,190,154,34,8,2,0,0
12920,0.425771,0,0,0,0,0,0,0,0,0,0,0,0,11,140,194,53,2,0,0,0
12930,0.433578,0,0,0,0,0,0,0,0,0,0,0,0,13,139,158,85,5,0,0,0
12940,0.431682,0,0,0,0,0,0,0,0,0,0,0,0,35,124,125,105,11,0,0,0
12950,0.401062,0,0,0,0,0,0,0,0,0,0,0,6,37,198,84,68,7,0,0,0
12960,0.432889,0,0,0,0,0,0,0,0,0,0,0,0,26,144,143,52,35,0,0,0
12970,0.402499,0,0,0,0,0,0,0,0,0,0,0,11,53,135,147,31,23,0,0,0
12980,0.371897,0,0,0,0,0,0,0,0,0,0,0,17,107,122,111,22,19,2,0,0
12990,0.415505,0,0,0,0,0,0,0,0,0,0,2,16,65,87,162,25,33,10,0,0
13000,0.443216,0,0,0,0,0,0,0,0,0,0,0,3,61,82,168,34,32,20,0,0
13010,0.4291,0,0,0,0,0,0,0,0,0,0,0,3,100,91,89,46,50,21,0,0
13020,0.420003,0,0,0,0,0,0,0,0,0,0,0,12,75,97,105,69,29,12,1,0
13030,0.438478,0,0,0,0,0,0,0,0,0,0,0,11,59,83,121,82,39,5,0,0
13040,0.439545,0,0,0,0,0,0,0,0,0,0,0,14,41,79,150,59,56,1,0,0
13050,0.463672,0,0,0,0,0,0,0,0,0,0,0,3,30,105,129,52,80,1,0,0
13060,0.439003,0,0,0,0,0,0,0,0,0,0,1,6,48,118,119,33,66,9,0,0
13070,0.428868,0,0,0,0,0,0,0,0,0,0,0,0,69,122,115,29,58,7,0,0
13080,0.423155,0,0,0,0,0,0,0,0,0,0,0,7,72,135,92,20,57,16,1,0
13090,0.439264,0,0,0,0,0,0,0,0,0,0,0,4,101,110,39,35,87,24,0,0
13100,0.408928,0,0,0,0,0,0,0,0,0,0,0,15,99,139,36,25,50,34,2,0
13110,0.376689,0,0,0,0,0,0,0,0,0,0,1,38,100,162,27,11,22,37,2,0
13120,0.345812,0,0,0,0,0,0,0,0,0,0,0,32,98,196,39,5,19,6,5,0
13130,0.350294,0,0,0,0,0,0,0,0,0,0,0,15,125,161,61,17,19,2,0,0
13140,0.354246,0,0,0,0,0,0,0,0,0,0,0,20,145,84,98,50,3,0,0,0
13150,0.368969,0,0,0,0,0,0,0,0,0,0,0,26,121,83,103,54,13,0,0,0
13160,0.394411,0,0,0,0,0,0,0,0,0,0,0,17,101,82,105,81,14,0,0,0
13170,0.412306,0,0,0,0,0,0,0,0,0,0,0,11,83,91,106,60,49,0,0,0
13180,0.40129,0,0,0,0,0,0,0,0,0,0,0,12,117,66,81,104,20,0,0,0
13190,0.359519,0,0,0,0,0,0,0,0,0,0,0,37,152,41,90,72,8,0,0,0
13200,0.335891,0,0,0,0,0,0,0,0,0,0,0,26,185,62,74,33,20,0,0,0
13210,0.310733,0,0,0,0,0,0,0,0,0,0,0,47,191,88,33,23,18,0,0,0
13220,0.315935,0,0,0,0,0,0,0,0,0,0,0,90,133,85,39,19,34,0,0,0
13230,0.294401,0,0,0,0,0,0,0,0,0,0,4,73,157,117,25,7,17,0,0,0
13240,0.289501,0,0,0,0,0,0,0,0,0,0,5,54,193,114,14,3,17,0,0,0
13250,0.285755,0,0,0,0,0,0,0,0,0,0,1,50,212,86,46,0,5,0,0,0
13260,0.278644,0,0,0,0,0,0,0,0,0,0,0,50,222,90,37,1,0,0,0,0
13270,0.297633,0,0,0,0,0,0,0,0,0,0,0,32,221,75,72,0,0,0,0,0
13280,0.313063,0,0,0,0,0,0,0,0,0,0,0,37,184,62,116,1,0,0,0,0
13290,0.313821,0,0,0,0,0,0,0,0,0,0,0,33,166,111,86,4,0,0,0,0
13300,0.323242,0,0,0,0,0,0,0,0,0,0,8,41,145,71,122,13,0,0,0,0
13310,0.30831,0,0,0,0,0,0,0,0,0,0,26,46,129,100,67,32,0,0,0,0
13320,0.279397,0,0,0,0,0,0,0,0,0,0,18,103,89,142,35,13,0,0,0,0
13330,0.222178,0,0,0,0,0,0,0,0,0,0,49,167,54,105,23,2,0,0,0,0
13340,0.227729,0,0,0,0,0,0,0,0,0,0,20,186,65,115,12,2,0,0,0,0
13350,0.248057,0,0,0,0,0,0,0,0,0,1,47,125,66,123,38,0,0,0,0,0
13360,0.229698,0,0,0,0,0,0,0,0,0,0,66,108,97,97,32,0,0,0,0,0
13370,0.243773,0,0,0,0,0,0,0,0,0,2,58,122,54,114,49,1,0,0,0,0
13380,0.201405,0,0,0,0,0,0,0,0,0,0,57,199,52,63,20,9,0,0,0,0
13390,0.188133,0,0,0,0,0,0,0,0,0,3,85,180,54,52,24,2,0,0,0,0
13400,0.191903,0,0,0,0,0,0,0,0,0,3,89,129,115,42,22,0,0,0,0,0
13410,0.187735,0,0,0,0,0,0,0,0,0,7,63,196,72,47,15,0,0,0,0,0
13420,0.200117,0,0,0,0,0,0,0,0,0,2,78,146,93,41,38,2,0,0,0,0
13430,0.209495,0,0,0,0,0,0,0,0,0,5,84,99,134,43,28,7,0,0,0,0
13440,0.18718,0,0,0,0,0,0,0,0,0,4,113,109,93,67,10,4,0,0,0,0
13450,0.189468,0,0,0,0,0,0,0,0,0,7,141,75,84,66,27,0,0,0,0,0
13460,0.249126,0,0,0,0,0,0,0,0,0,0,84,40,118,104,54,0,0,0,0,0
13470,0.220816,0,0,0,0,0,0,0,0,0,0,105,65,106,77,47,0,0,0,0,0
13480,0.193264,0,0,0,0,0,0,0,0,0,5,138,65,97,65,28,2,0,0,0,0
13490,0.151013,0,0,0,0,0,0,0,0,0,6,178,102,45,48,18,3,0,0,0,0
13500,0.145471,0,0,0,0,0,0,0,0,0,7,182,102,61,37,10,1,0,0,0,0
13510,0.108136,0,0,0,0,0,0,0,0,0,11,227,96,43,23,0,0,0,0,0,0
13520,0.13966,0,0,0,0,0,0,0,0,0,12,186,86,59,57,0,0,0,0,0,0
13530,0.174812,0,0,0,0,0,0,0,0,0,3,137,109,52,97,2,0,0,0,0,0
13540,0.138662,0,0,0,0,0,0,0,0,0,10,180,124,27,48,11,0,0,0,0,0
13550,0.163113,0,0,0,0,0,0,0,0,0,5,134,158,32,35,33,3,0,0,0,0
13560,0.170235,0,0,0,0,0,0,0,0,0,13,136,138,35,28,44,6,0,0,0,0
13570,0.190219,0,0,0,0,0,0,0,0,0,5,129,130,38,37,58,3,0,0,0,0
13580,0.209627,0,0,0,0,0,0,0,0,0,8,119,111,27,64,67,4,0,0,0,0
13590,0.223833,0,0,0,0,0,0,0,0,0,6,96,116,52,56,63,10,1,0,0,0
13600,0.227778,0,0,0,0,0,0,0,0,0,2,91,126,26,109,39,7,0,0,0,0
13610,0.246023,0,0,0,0,0,0,0,0,0,0,39,141,49,139,32,0,0,0,0,0
13620,0.213285,0,0,0,0,0,0,0,0,0,5,83,114,64,116,18,0,0,0,0,0
13630,0.218134,0,0,0,0,0,0,0,0,0,2,113,88,43,128,26,0,0,0,0,0
13640,0.211395,0,0,0,0,0,0,0,0,0,5,110,95,43,121,26,0,0,0,0,0
13650,0.220084,0,0,0,0,0,0,0,0,0,10,103,100,31,99,57,0,0,0,0,0
13660,0.241252,0,0,0,0,0,0,0,0,0,4,86,104,25,105,74,2,0,0,0,0
13670,0.206167,0,0,0,0,0,0,0,0,0,4,136,98,19,77,66,0,0,0,0,0
13680,0.26167,0,0,0,0,0,0,0,0,0,2,56,110,39,128,61,4,0,0,0,0
13690,0.260525,0,0,0,0,0,0,0,0,1,1,36,108,64,150,39,1,0,0,0,0
13700,0.261777,0,0,0,0,0,0,0,0,0,0,29,84,137,97,52,1,0,0,0,0
13710,0.259615,0,0,0,0,0,0,0,0,0,1,50,58,131,104,52,4,0,0,0,0
13720,0.266522,0,0,0,0,0,0,0,0,0,3,37,75,120,112,53,0,0,0,0,0
13730,0.294117,0,0,0,0,0,0,0,0,0,0,21,72,114,107,83,3,0,0,0,0
13740,0.314787,0,0,0,0,0,0,0,0,0,0,4,19,123,204,49,1,0,0,0,0
13750,0.327419,0,0,0,0,0,0,0,0,0,0,0,23,116,190,71,0,0,0,0,0
13760,0.321603,0,0,0,0,0,0,0,0,0,0,0,11,132,215,42,0,0,0,0,0
13770,0.34412,0,0,0,0,0,0,0,0,0,0,0,8,64,268,60,0,0,0,0,0
13780,0.352061,0,0,0,0,0,0,0,0,0,0,0,4,77,237,82,0,0,0,0,0
13790,0.34999,0,0,0,0,0,0,0,0,0,0,0,1,109,191,94,5,0,0,0,0
13800,0.33919,0,0,0,0,0,0,0,0,0,0,0,14,111,186,69,20,0,0,0,0
13810,0.336338,0,0,0,0,0,0,0,0,0,0,0,31,112,165,66,23,3,0,0,0
13820,0.337637,0,0,0,0,0,0,0,0,0,0,10,57,133,71,68,23,38,0,0,0
13830,0.302807,0,0,0,0,0,0,0,0,0,0,21,105,126,26,74,16,32,0,0,0
13840,0.318183,0,0,0,0,0,0,0,0,0,0,16,97,110,52,67,23,32,3,0,0
13850,0.276677,0,0,0,0,0,0,0,0,0,0,33,115,117,50,50,21,3,11,0,0
13860,0.215737,0,0,0,0,0,0,0,0,0,0,57,158,111,22,40,11,1,0,0,0
13870,0.163254,0,0,0,0,0,0,0,0,0,7,160,110,74,8,33,7,1,0,0,0
13880,0.153916,0,0,0,0,0,0,0,0,0,5,156,129,58,22,26,4,0,0,0,0
13890,0.17559,0,0,0,0,0,0,0,0,0,5,121,132,75,43,24,0,0,0,0,0
13900,0.159537,0,0,0,0,0,0,0,0,0,5,106,177,73,18,20,1,0,0,0,0
13910,0.150908,0,0,0,0,0,0,0,0,0,2,142,141,94,9,12,0,0,0,0,0
13920,0.124601,0,0,0,0,0,0,0,0,0,8,142,191,56,3,0,0,0,0,0,0
13930,0.123806,0,0,0,0,0,0,0,0,0,2,146,209,43,0,0,0,0,0,0,0
13940,0.132642,0,0,0,0,0,0,0,0,0,5,115,225,55,0,0,0,0,0,0,0
13950,0.132012,0,0,0,0,0,0,0,0,0,6,109,246,39,0,0,0,0,0,0,0
13960,0.12549,0,0,0,0,0,0,0,0,0,14,113,221,47,5,0,0,0,0,0,0
13970,0.12565,0,0,0,0,0,0,0,0,0,5,144,195,50,6,0,0,0,0,0,0
13980,0.125304,0,0,0,0,0,0,0,0,0,3,148,196,47,6,0,0,0,0,0,0
13990,0.139726,0,0,0,0,0,0,0,0,0,1,98,248,53,0,0,0,0,0,0,0
14000,0.144573,0,0,0,0,0,0,0,0,0,0,87,245,68,0,0,0,0,0,0,0
14010,0.152408,0,0,0,0,0,0,0,0,0,1,80,231,84,4,0,0,0,0,0,0
14020,0.164685,0,0,0,0,0,0,0,0,0,4,90,183,89,34,0,0,0,0,0,0
14030,0.169453,0,0,0,0,0,0,0,0,0,8,101,153,79,57,2,0,0,0,0,0
14040,0.181506,0,0,0,0,0,0,0,0,0,12,109,91,113,75,0,0,0,0,0,0
14050,0.201773,0,0,0,0,0,0,0,0,0,10,81,92,135,73,9,0,0,0,0,0
14060,0.210809,0,0,0,0,0,0,0,0,0,6,57,110,143,84,0,0,0,0,0,0
14070,0.207193,0,0,0,0,0,0,0,0,0,2,40,138,189,31,0,0,0,0,0,0
14080,0.209316,0,0,0,0,0,0,0,0,0,0,13,160,204,23,0,0,0,0,0,0
14090,0.202175,0,0,0,0,0,0,0,0,0,0,30,155,188,27,0,0,0,0,0,0
14100,0.198309,0,0,0,0,0,0,0,0,0,0,26,162,199,13,0,0,0,0,0,0
14110,0.199381,0,0,0,0,0,0,0,0,0,0,22,159,212,7,0,0,0,0,0,0
14120,0.18655,0,0,0,0,0,0,0,0,0,0,32,201,157,10,0,0,0,0,0,0
14130,0.201357,0,0,0,0,0,0,0,0,0,0,28,193,114,64,1,0,0,0,0,0
14140,0.215744,0,0,0,0,0,0,0,0,0,2,27,156,145,59,11,0,0,0,0,0
14150,0.230098,0,0,0,0,0,0,0,0,0,0,24,127,170,78,1,0,0,0,0,0
14160,0.268639,0,0,0,0,0,0,0,0,0,1,24,82,135,114,44,0,0,0,0,0
14170,0.28778,0,0,0,0,0,0,0,0,0,2,24,52,120,143,59,0,0,0,0,0
14180,0.28917,0,0,0,0,0,0,0,0,0,0,31,81,95,89,94,10,0,0,0,0
14190,0.306797,0,0,0,0,0,0,0,0,0,0,6,74,126,90,89,15,0,0,0,0
14200,0.331119,0,0,0,0,0,0,0,0,0,0,8,112,66,49,107,57,1,0,0,0
14210,0.286397,0,0,0,0,0,0,0,0,0,1,27,130,55,81,62,44,0,0,0,0
14220,0.299716,0,0,0,0,0,0,0,0,0,0,34,89,77,69,95,36,0,0,0,0
14230,0.294891,0,0,0,0,0,0,0,0,0,2,43,75,64,115,83,18,0,0,0,0
14240,0.31464,0,0,0,0,0,0,0,0,0,2,20,82,67,96,112,16,5,0,0,0
14250,0.337626,0,0,0,0,0,0,0,0,0,0,17,69,42,117,133,20,2,0,0,0
14260,0.362236,0,0,0,0,0,0,0,0,0,0,12,29,60,125,145,29,0,0,0,0
14270,0.397473,0,0,0,0,0,0,0,0,0,0,2,19,63,89,157,62,8,0,0,0
14280,0.392157,0,0,0,0,0,0,0,0,0,0,0,6,82,123,126,58,5,0,0,0
14290,0.386917,0,0,0,0,0,0,0,0,0,0,0,20,80,113,128,41,17,1,0,0
14300,0.384071,0,0,0,0,0,0,0,0,0,0,1,30,62,84,179,43,1,0,0,0
14310,0.340352,0,0,0,0,0,0,0,0,0,0,0,59,141,61,79,47,13,0,0,0
14320,0.329433,0,0,0,0,0,0,0,0,0,0,2,24,177,118,42,12,22,3,0,0
14330,0.327861,0,0,0,0,0,0,0,0,0,0,6,17,171,100,88,6,11,1,0,0
14340,0.320421,0,0,0,0,0,0,0,0,0,0,4,24,190,77,75,29,1,0,0,0
14350,0.330465,0,0,0,0,0,0,0,0,0,0,1,47,154,87,53,57,1,0,0,0
14360,0.379659,0,0,0,0,0,0,0,0,0,0,0,56,81,47,114,90,12,0,0,0
14370,0.39365,0,0,0,0,0,0,0,0,0,0,0,59,68,34,144,77,18,0,0,0
14380,0.435084,0,0,0,0,0,0,0,0,0,0,2,17,33,60,186,84,18,0,0,0
14390,0.426156,0,0,0,0,0,0,0,0,0,0,0,13,51,79,157,81,19,0,0,0
14400,0.408754,0,0,0,0,0,0,0,0,0,0,0,9,52,117,154,61,7,0,0,0
14410,0.425492,0,0,0,0,0,0,0,0,0,0,0,3,33,101,188,69,6,0,0,0
14420,0.468009,0,0,0,0,0,0,0,0,0,0,0,0,5,48,208,131,6,2,0,0
14430,0.46406,0,0,0,0,0,0,0,0,0,0,0,0,5,102,141,141,11,0,0,0
14440,0.465443,0,0,0,0,0,0,0,0,0,0,0,0,3,123,104,154,14,2,0,0
14450,0.418241,0,0,0,0,0,0,0,0,0,0,0,0,7,209,94,87,3,0,0,0
14460,0.402005,0,0,0,0,0,0,0,0,0,0,0,0,13,224,110,40,13,0,0,0
14470,0.397223,0,0,0,0,0,0,0,0,0,0,0,0,47,178,121,41,10,3,0,0
14480,0.400163,0,0,0,0,0,0,0,0,0,0,0,0,50,154,153,31,6,6,0,0
14490,0.382127,0,0,0,0,0,0,0,0,0,0,0,6,71,149,135,36,3,0,0,0
14500,0.380652,0,0,0,0,0,0,0,0,0,0,0,0,53,174,152,21,0,0,0,0
14510,0.381107,0,0,0,0,0,0,0,0,0,0,0,1,57,179,131,31,1,0,0,0
14520,0.366904,0,0,0,0,0,0,0,0,0,0,0,3,91,162,120,15,9,0,0,0
14530,0.384631,0,0,0,0,0,0,0,0,0,0,0,3,68,174,104,48,3,0,0,0
14540,0.393857,0,0,0,0,0,0,0,0,0,0,1,10,34,202,94,40,19,0,0,0
14550,0.400052,0,0,0,0,0,0,0,0,0,0,0,1,15,237,98,21,28,0,0,0
14560,0.387527,0,0,0,0,0,0,0,0,0,0,0,0,35,205,142,11,7,0,0,0
14570,0.381811,0,0,0,0,0,0,0,0,0,0,0,0,42,193,148,16,1,0,0,0
14580,0.389109,0,0,0,0,0,0,0,0,0,0,0,0,38,172,184,6,0,0,0,0
14590,0.363159,0,0,0,0,0,0,0,0,0,0,0,9,77,166,137,11,0,0,0,0
14600,0.380497,0,0,0,0,0,0,0,0,0,0,0,16,38,190,124,32,0,0,0,0
14610,0.359982,0,0,0,0,0,0,0,0,0,0,0,9,97,186,67,41,0,0,0,0
14620,0.356987,0,0,0,0,0,0,0,0,0,0,0,24,100,164,59,53,0,0,0,0
14630,0.359725,0,0,0,0,0,0,0,0,0,0,0,31,79,167,88,35,0,0,0,0
14640,0.331468,0,0,0,0,0,0,0,0,0,0,0,40,149,97,82,32,0,0,0,0
14650,0.329034,0,0,0,0,0,0,0,0,0,0,1,47,149,98,66,39,0,0,0,0
14660,0.357064,0,0,0,0,0,0,0,0,0,0,0,34,111,112,71,71,1,0,0,0
14670,0.396004,0,0,0,0,0,0,0,0,0,0,0,18,78,108,99,96,1,0,0,0
14680,0.407543,0,0,0,0,0,0,0,0,0,0,0,24,48,88,156,81,3,0,0,0
14690,0.404824,0,0,0,0,0,0,0,0,0,0,0,6,32,153,155,54,0,0,0,0
14700,0.416726,0,0,0,0,0,0,0,0,0,0,0,0,40,120,181,58,1,0,0,0
14710,0.41348,0,0,0,0,0,0,0,0,0,0,0,0,30,142,165,63,0,0,0,0
14720,0.383738,0,0,0,0,0,0,0,0,0,0,0,22,73,96,169,36,4,0,0,0
14730,0.360497,0,0,0,0,0,0,0,0,0,0,0,39,110,74,122,55,0,0,0,0
14740,0.373271,0,0,0,0,0,0,0,0,0,0,0,54,117,52,60,95,22,0,0,0
14750,0.33916,0,0,0,0,0,0,0,0,0,0,0,70,133,58,49,84,6,0,0,0
14760,0.302528,0,0,0,0,0,0,0,0,0,0,16,111,96,70,46,58,3,0,0,0
14770,0.274499,0,0,0,0,0,0,0,0,0,0,9,148,105,45,71,15,7,0,0,0
14780,0.260217,0,0,0,0,0,0,0,0,0,0,4,143,145,42,50,11,5,0,0,0
14790,0.252963,0,0,0,0,0,0,0,0,0,0,0,130,171,62,37,0,0,0,0,0
14800,0.249199,0,0,0,0,0,0,0,0,0,0,6,134,139,97,24,0,0,0,0,0
14810,0.246721,0,0,0,0,0,0,0,0,0,0,11,134,112,125,18,0,0,0,0,0
14820,0.253709,0,0,0,0,0,0,0,0,0,0,17,87,165,124,7,0,0,0,0,0
14830,0.26026,0,0,0,0,0,0,0,0,0,0,3,96,178,122,1,0,0,0,0,0
14840,0.251727,0,0,0,0,0,0,0,0,0,0,2,112,164,116,6,0,0,0,0,0
14850,0.254938,0,0,0,0,0,0,0,0,0,0,12,78,213,85,12,0,0,0,0,0
14860,0.271594,0,0,0,0,0,0,0,0,0,0,5,74,180,109,32,0,0,0,0,0
14870,0.259317,0,0,0,0,0,0,0,0,0,0,5,98,179,98,17,3,0,0,0,0
14880,0.249607,0,0,0,0,0,0,0,0,0,0,13,116,196,37,23,15,0,0,0,0
14890,0.269261,0,0,0,0,0,0,0,0,0,0,12,103,145,89,47,4,0,0,0,0
14900,0.260591,0,0,0,0,0,0,0,0,0,0,28,106,137,68,43,18,0,0,0,0
14910,0.251455,0,0,0,0,0,0,0,0,0,0,10,113,186,64,20,7,0,0,0,0
14920,0.27054,0,0,0,0,0,0,0,0,0,0,22,74,190,71,15,28,0,0,0,0
14930,0.259824,0,0,0,0,0,0,0,0,0,0,66,50,134,92,24,33,1,0,0,0
14940,0.235783,0,0,0,0,0,0,0,0,0,8,88,50,111,99,17,25,2,0,0,0
14950,0.236193,0,0,0,0,0,0,0,0,0,6,68,81,149,32,38,26,0,0,0,0
14960,0.217157,0,0,0,0,0,0,0,0,0,10,104,91,87,51,34,17,6,0,0,0
14970,0.206165,0,0,0,0,0,0,0,0,0,10,119,71,97,54,27,20,2,0,0,0
14980,0.236408,0,0,0,0,0,0,0,0,0,9,93,85,92,51,32,12,23,3,0,0
14990,0.236043,0,0,0,0,0,0,0,0,0,4,43,143,88,75,33,10,4,0,0,0
15000,0.266684,0,0,0,0,0,0,0,0,0,0,9,131,103,105,46,6,0,0,0,0
15010,0.266543,0,0,0,0,0,0,0,0,0,0,20,104,111,117,48,0,0,0,0,0
15020,0.273872,0,0,0,0,0,0,0,0,0,2,22,104,90,130,50,2,0,0,0,0
15030,0.24536,0,0,0,0,0,0,0,0,0,1,72,105,43,126,50,3,0,0,0,0
15040,0.217488,0,0,0,0,0,0,0,0,0,0,121,102,23,101,50,3,0,0,0,0
15050,0.207558,0,0,0,0,0,0,0,0,0,4,125,109,11,88,61,2,0,0,0,0
15060,0.18617,0,0,0,0,0,0,0,0,0,14,147,101,42,35,41,20,0,0,0,0
15070,0.214981,0,0,0,0,0,0,0,0,0,11,127,68,79,46,40,28,1,0,0,0
15080,0.243117,0,0,0,0,0,0,0,0,0,2,93,72,92,62,58,20,1,0,0,0
15090,0.244047,0,0,0,0,0,0,0,0,0,5,100,74,73,34,104,9,1,0,0,0
15100,0.272472,0,0,0,0,0,0,0,0,0,3,72,94,46,46,125,14,0,0,0,0
15110,0.268079,0,0,0,0,0,0,0,0,0,4,68,96,37,70,122,3,0,0,0,0
15120,0.232912,0,0,0,0,0,0,0,0,0,1,83,126,39,78,73,0,0,0,0,0
15130,0.188023,0,0,0,0,0,0,0,0,0,0,61,199,87,31,22,0,0,0,0,0
15140,0.196019,0,0,0,0,0,0,0,0,0,1,59,176,116,22,26,0,0,0,0,0
15150,0.191532,0,0,0,0,0,0,0,0,0,0,68,184,80,46,22,0,0,0,0,0
15160,0.157355,0,0,0,0,0,0,0,0,0,2,76,239,53,23,7,0,0,0,0,0
15170,0.198105,0,0,0,0,0,0,0,0,0,0,57,182,106,35,20,0,0,0,0,0
15180,0.208611,0,0,0,0,0,0,0,0,0,1,42,196,78,52,31,0,0,0,0,0
15190,0.211327,0,0,0,0,0,0,0,0,0,0,58,154,122,13,52,1,0,0,0,0
15200,0.224555,0,0,0,0,0,0,0,0,0,0,66,147,83,29,72,3,0,0,0,0
15210,0.204616,0,0,0,0,0,0,0,0,0,0,52,196,79,23,44,6,0,0,0,0
15220,0.203155,0,0,0,0,0,0,0,0,0,0,92,133,101,31,28,15,0,0,0,0
15230,0.254377,0,0,0,0,0,0,0,0,0,0,72,134,62,10,91,31,0,0,0,0
15240,0.279855,0,0,0,0,0,0,0,0,0,0,82,99,17,33,161,8,0,0,0,0
15250,0.260479,0,0,0,0,0,0,0,0,0,9,101,60,23,98,102,7,0,0,0,0
15260,0.271016,0,0,0,0,0,0,0,0,0,6,85,70,9,123,107,0,0,0,0,0
15270,0.274457,0,0,0,0,0,0,0,0,0,6,46,107,21,131,89,0,0,0,0,0
15280,0.296216,0,0,0,0,0,0,0,0,0,2,37,88,23,159,91,0,0,0,0,0
15290,0.274441,0,0,0,0,0,0,0,0,0,0,37,138,9,123,92,1,0,0,0,0
15300,0.237221,0,0,0,0,0,0,0,0,0,2,42,172,27,92,65,0,0,0,0,0
15310,0.264146,0,0,0,0,0,0,0,0,0,2,47,71,88,147,45,0,0,0,0,0
15320,0.28251,0,0,0,0,0,0,0,0,0,1,26,71,95,152,55,0,0,0,0,0
15330,0.314839,0,0,0,0,0,0,0,0,0,4,10,73,74,125,111,3,0,0,0,0
15340,0.379712,0,0,0,0,0,0,0,0,0,0,8,19,18,164,185,6,0,0,0,0
15350,0.390403,0,0,0,0,0,0,0,0,0,0,15,3,21,150,186,25,0,0,0,0
15360,0.415303,0,0,0,0,0,0,0,0,0,0,3,0,26,112,232,26,1,0,0,0
15370,0.418896,0,0,0,0,0,0,0,0,0,0,0,0,13,114,251,22,0,0,0,0
15380,0.412902,0,0,0,0,0,0,0,0,0,0,0,0,6,159,210,25,0,0,0,0
15390,0.404574,0,0,0,0,0,0,0,0,0,0,0,0,13,182,190,15,0,0,0,0
15400,0.412693,0,0,0,0,0,0,0,0,0,0,0,0,6,179,190,25,0,0,0,0
15410,0.414451,0,0,0,0,0,0,0,0,0,0,0,0,14,155,197,34,0,0,0,0
15420,0.411798,0,0,0,0,0,0,0,0,0,0,0,0,13,165,185,32,5,0,0,0
15430,0.44449,0,0,0,0,0,0,0,0,0,0,0,0,10,112,180,89,9,0,0,0
15440,0.451451,0,0,0,0,0,0,0,0,0,0,0,0,19,86,196,84,15,0,0,0
15450,0.46003,0,0,0,0,0,0,0,0,0,0,0,0,12,78,184,113,13,0,0,0
15460,0.484226,0,0,0,0,0,0,0,0,0,0,0,0,2,62,162,154,20,0,0,0
15470,0.495587,0,0,0,0,0,0,0,0,0,0,0,0,10,53,140,141,55,1,0,0
15480,0.501152,0,0,0,0,0,0,0,0,0,0,0,0,11,47,141,137,59,5,0,0
15490,0.488925,0,0,0,0,0,0,0,0,0,0,0,0,4,35,212,107,36,6,0,0
15500,0.499836,0,0,0,0,0,0,0,0,0,0,0,0,2,45,175,133,29,16,0,0
15510,0.520345,0,0,0,0,0,0,0,0,0,0,0,0,0,26,161,134,62,17,0,0
15520,0.527972,0,0,0,0,0,0,0,0,0,0,0,0,3,39,111,152,82,13,0,0
15530,0.542411,0,0,0,0,0,0,0,0,0,0,0,0,3,65,53,119,150,10,0,0
15540,0.542057,0,0,0,0,0,0,0,0,0,0,0,0,8,63,55,132,105,37,0,0
15550,0.507898,0,0,0,0,0,0,0,0,0,0,0,0,18,77,92,104,88,21,0,0
15560,0.529084,0,0,0,0,0,0,0,0,0,0,0,0,6,62,110,98,89,35,0,0
15570,0.519938,0,0,0,0,0,0,0,0,0,0,0,0,2,90,100,74,103,27,4,0
15580,0.530804,0,0,0,0,0,0,0,0,0,0,0,0,2,102,99,34,115,37,11,0
15590,0.496546,0,0,0,0,0,0,0,0,0,0,0,0,7,135,118,8,83,42,7,0
15600,0.517974,0,0,0,0,0,0,0,0,0,0,0,0,1,109,123,14,88,63,2,0
15610,0.469358,0,0,0,0,0,0,0,0,0,0,0,0,16,138,119,32,64,30,1,0
15620,0.50987,0,0,0,0,0,0,0,0,0,0,0,0,10,106,103,54,83,44,0,0
15630,0.505954,0,0,0,0,0,0,0,0,0,0,0,0,11,79,123,86,67,34,0,0
15640,0.486714,0,0,0,0,0,0,0,0,0,0,0,0,20,69,147,90,56,18,0,0
15650,0.491762,0,0,0,0,0,0,0,0,0,0,0,0,30,38,138,135,56,3,0,0
15660,0.524811,0,0,0,0,0,0,0,0,0,0,0,2,37,27,68,147,101,18,0,0
15670,0.515395,0,0,0,0,0,0,0,0,0,0,0,11,25,51,27,189,90,7,0,0
