update,mean_intval,Hist_-1,Hist_-0.9,Hist_-0.8,Hist_-0.7,Hist_-0.6,Hist_-0.5,Hist_-0.4,Hist_-0.3,Hist_-0.2,Hist_-0.1,Hist_0.0,Hist_0.1,Hist_0.2,Hist_0.3,Hist_0.4,Hist_0.5,Hist_0.6,Hist_0.7,Hist_0.8,Hist_0.9
0,0.016596,17,19,27,20,22,19,11,18,21,22,21,17,20,19,15,23,23,25,22,19
10,0.285383,0,0,0,0,0,0,0,0,0,180,22,0,24,21,14,72,18,16,9,24
20,0.23581,0,0,0,0,0,0,0,0,0,191,37,0,5,52,16,37,23,25,2,12
30,0.203474,0,0,0,0,0,0,0,0,0,181,27,0,11,119,10,26,18,3,3,2
40,0.199735,0,0,0,0,0,0,0,0,0,169,36,0,13,121,15,25,19,2,0,0
50,0.141721,0,0,0,0,0,0,0,0,0,201,40,0,16,123,9,11,0,0,0,0
60,0.137797,0,0,0,0,0,0,0,0,0,192,47,0,43,100,5,13,0,0,0,0
70,0.11276,0,0,0,0,0,0,0,0,0,200,57,0,59,76,8,0,0,0,0,0
80,0.151319,0,0,0,0,0,0,0,0,0,186,36,0,41,112,23,2,0,0,0,0
90,0.162957,0,0,0,0,0,0,0,0,0,173,33,0,45,127,20,2,0,0,0,0
100,0.166717,0,0,0,0,0,0,0,0,0,176,24,0,56,126,18,0,0,0,0,0
110,0.178658,0,0,0,0,0,0,0,0,0,165,25,0,40,146,24,0,0,0,0,0
120,0.171545,0,0,0,0,0,0,0,0,0,180,26,0,23,134,37,0,0,0,0,0
130,0.178469,0,0,0,0,0,0,0,0,0,168,20,1,39,152,20,0,0,0,0,0
140,0.191192,0,0,0,0,0,0,0,0,0,154,19,0,88,103,25,11,0,0,0,0
150,0.154826,0,0,0,0,0,0,0,0,0,170,35,1,89,86,15,4,0,0,0,0
160,0.167728,0,0,0,0,0,0,0,0,0,144,38,0,101,107,9,1,0,0,0,0
170,0.133031,0,0,0,0,0,0,0,0,0,202,24,3,76,77,18,0,0,0,0,0
180,0.150917,0,0,0,0,0,0,0,0,0,180,28,5,71,103,13,0,0,0,0,0
190,0.122132,0,0,0,0,0,0,0,0,0,195,45,0,70,83,7,0,0,0,0,0
200,0.125459,0,0,0,0,0,0,0,0,0,209,29,6,66,76,14,0,0,0,0,0
210,0.140406,0,0,0,0,0,0,0,0,0,178,30,0,111,81,0,0,0,0,0,0
220,0.130138,0,0,0,0,0,0,0,0,0,183,34,1,119,63,0,0,0,0,0,0
230,0.125752,0,0,0,0,0,0,0,0,0,186,48,0,93,66,7,0,0,0,0,0
240,0.12957,0,0,0,0,0,0,0,0,0,183,48,0,80,81,8,0,0,0,0,0
250,0.124908,0,0,0,0,0,0,0,0,0,199,36,0,78,79,8,0,0,0,0,0
260,0.141661,0,0,0,0,0,0,0,0,0,175,29,1,127,53,15,0,0,0,0,0
270,0.136734,0,0,0,0,0,0,0,0,0,185,27,0,135,45,8,0,0,0,0,0
280,0.115517,0,0,0,0,0,0,0,0,0,194,41,1,113,51,0,0,0,0,0,0
290,0.132918,0,0,0,0,0,0,0,0,0,166,33,6,148,47,0,0,0,0,0,0
300,0.131889,0,0,0,0,0,0,0,0,0,180,21,3,169,27,0,0,0,0,0,0
310,0.145017,0,0,0,0,0,0,0,0,0,156,24,2,192,26,0,0,0,0,0,0
320,0.147795,0,0,0,0,0,0,0,0,0,159,20,1,186,34,0,0,0,0,0,0
330,0.126417,0,0,0,0,0,0,0,0,0,184,28,1,149,35,3,0,0,0,0,0
340,0.123694,0,0,0,0,0,0,0,0,0,183,22,9,169,17,0,0,0,0,0,0
350,0.120061,0,0,0,0,0,0,0,0,0,183,31,3,168,11,4,0,0,0,0,0
360,0.114091,0,0,0,0,0,0,0,0,0,180,47,0,152,20,1,0,0,0,0,0
370,0.127244,0,0,0,0,0,0,0,0,0,175,40,6,140,29,10,0,0,0,0,0
380,0.130866,0,0,0,0,0,0,0,0,0,177,22,2,171,26,2,0,0,0,0,0
390,0.137726,0,0,0,0,0,0,0,0,0,171,17,4,178,18,12,0,0,0,0,0
400,0.143211,0,0,0,0,0,0,0,0,0,161,23,1,177,34,4,0,0,0,0,0
410,0.143775,0,0,0,0,0,0,0,0,0,167,20,6,162,45,0,0,0,0,0,0
420,0.152644,0,0,0,0,0,0,0,0,0,155,26,8,146,65,0,0,0,0,0,0
430,0.170308,0,0,0,0,0,0,0,0,0,152,14,11,117,94,12,0,0,0,0,0
440,0.156077,0,0,0,0,0,0,0,0,0,160,20,3,146,57,14,0,0,0,0,0
450,0.143875,0,0,0,0,0,0,0,0,0,152,35,6,175,19,4,9,0,0,0,0
460,0.143816,0,0,0,0,0,0,0,0,0,168,24,5,161,34,5,3,0,0,0,0
470,0.152607,0,0,0,0,0,0,0,0,0,160,30,6,132,66,5,1,0,0,0,0
480,0.135695,0,0,0,0,0,0,0,0,0,182,27,1,120,69,1,0,0,0,0,0
490,0.122282,0,0,0,0,0,0,0,0,0,198,34,2,85,81,0,0,0,0,0,0
500,0.134245,0,0,0,0,0,0,0,0,0,175,40,7,97,81,0,0,0,0,0,0
510,0.131215,0,0,0,0,0,0,0,0,0,197,28,4,74,97,0,0,0,0,0,0
520,0.133837,0,0,0,0,0,0,0,0,0,194,31,1,84,90,0,0,0,0,0,0
530,0.140428,0,0,0,0,0,0,0,0,0,173,48,0,80,79,20,0,0,0,0,0
540,0.11596,0,0,0,0,0,0,0,0,0,194,50,0,91,59,6,0,0,0,0,0
550,0.13391,0,0,0,0,0,0,0,0,0,188,43,1,58,108,2,0,0,0,0,0
560,0.130454,0,0,0,0,0,0,0,0,0,198,41,1,48,101,11,0,0,0,0,0
570,0.150973,0,0,0,0,0,0,0,0,0,182,33,1,63,106,15,0,0,0,0,0
580,0.124461,0,0,0,0,0,0,0,0,0,195,51,0,52,98,4,0,0,0,0,0
590,0.143467,0,0,0,0,0,0,0,0,0,181,40,0,71,94,14,0,0,0,0,0
600,0.159348,0,0,0,0,0,0,0,0,0,180,34,0,60,78,48,0,0,0,0,0
610,0.133131,0,0,0,0,0,0,0,0,0,190,53,0,46,80,31,0,0,0,0,0
620,0.15468,0,0,0,0,0,0,0,0,0,186,40,0,43,72,59,0,0,0,0,0
630,0.153313,0,0,0,0,0,0,0,0,0,199,33,0,36,63,65,4,0,0,0,0
640,0.16969,0,0,0,0,0,0,0,0,0,182,40,2,36,41,98,1,0,0,0,0
650,0.185744,0,0,0,0,0,0,0,0,0,175,35,0,35,41,114,0,0,0,0,0
660,0.211817,0,0,0,0,0,0,0,0,0,175,19,0,19,39,148,0,0,0,0,0
670,0.165217,0,0,0,0,0,0,0,0,0,197,39,0,18,49,89,8,0,0,0,0
680,0.158263,0,0,0,0,0,0,0,0,0,214,37,0,4,28,113,4,0,0,0,0
690,0.186108,0,0,0,0,0,0,0,0,0,169,41,0,9,98,83,0,0,0,0,0
700,0.183542,0,0,0,0,0,0,0,0,0,172,34,0,16,115,63,0,0,0,0,0
710,0.135843,0,0,0,0,0,0,0,0,0,212,51,0,1,76,60,0,0,0,0,0
720,0.146962,0,0,0,0,0,0,0,0,0,193,52,0,5,96,54,0,0,0,0,0
730,0.157787,0,0,0,0,0,0,0,0,0,190,37,0,11,116,46,0,0,0,0,0
740,0.129176,0,0,0,0,0,0,0,0,0,212,40,0,24,106,18,0,0,0,0,0
750,0.160002,0,0,0,0,0,0,0,0,0,169,46,0,37,126,22,0,0,0,0,0
760,0.139607,0,0,0,0,0,0,0,0,0,189,44,0,38,112,17,0,0,0,0,0
770,0.138102,0,0,0,0,0,0,0,0,0,195,38,2,40,111,14,0,0,0,0,0
780,0.151904,0,0,0,0,0,0,0,0,0,180,44,0,36,114,26,0,0,0,0,0
790,0.111109,0,0,0,0,0,0,0,0,0,218,49,1,37,78,17,0,0,0,0,0
800,0.111914,0,0,0,0,0,0,0,0,0,215,43,0,55,81,6,0,0,0,0,0
810,0.125085,0,0,0,0,0,0,0,0,0,205,33,0,86,56,20,0,0,0,0,0
820,0.1382,0,0,0,0,0,0,0,0,0,184,41,0,71,80,24,0,0,0,0,0
830,0.121849,0,0,0,0,0,0,0,0,0,216,39,0,49,68,28,0,0,0,0,0
840,0.119975,0,0,0,0,0,0,0,0,0,193,58,0,60,71,18,0,0,0,0,0
850,0.119549,0,0,0,0,0,0,0,0,0,204,40,0,82,62,12,0,0,0,0,0
860,0.124747,0,0,0,0,0,0,0,0,0,199,37,0,80,83,1,0,0,0,0,0
870,0.121241,0,0,0,0,0,0,0,0,0,219,32,0,60,81,8,0,0,0,0,0
880,0.105666,0,0,0,0,0,0,0,0,0,222,44,0,55,74,5,0,0,0,0,0
890,0.105192,0,0,0,0,0,0,0,0,0,210,58,0,63,54,15,0,0,0,0,0
900,0.143353,0,0,0,0,0,0,0,0,0,180,50,0,52,88,30,0,0,0,0,0
910,0.120588,0,0,0,0,0,0,0,0,0,212,48,3,30,77,30,0,0,0,0,0
920,0.110508,0,0,0,0,0,0,0,0,0,208,53,1,54,63,21,0,0,0,0,0
930,0.0972176,0,0,0,0,0,0,0,0,0,218,62,2,45,59,14,0,0,0,0,0
940,0.0990633,0,0,0,0,0,0,0,0,0,217,48,1,85,40,9,0,0,0,0,0
950,0.107633,0,0,0,0,0,0,0,0,0,217,40,0,86,40,17,0,0,0,0,0
960,0.118988,0,0,0,0,0,0,0,0,0,191,46,3,88,62,10,0,0,0,0,0
970,0.11015,0,0,0,0,0,0,0,0,0,212,43,4,72,52,17,0,0,0,0,0
980,0.103236,0,0,0,0,0,0,0,0,0,207,53,0,87,47,6,0,0,0,0,0
990,0.116356,0,0,0,0,0,0,0,0,0,209,39,0,89,47,16,0,0,0,0,0
1000,0.118251,0,0,0,0,0,0,0,0,0,210,35,2,78,67,8,0,0,0,0,0
1010,0.125215,0,0,0,0,0,0,0,0,0,185,52,2,73,84,4,0,0,0,0,0
1020,0.11899,0,0,0,0,0,0,0,0,0,193,45,2,95,57,8,0,0,0,0,0
1030,0.110507,0,0,0,0,0,0,0,0,0,197,48,0,95,57,3,0,0,0,0,0
1040,0.114701,0,0,0,0,0,0,0,0,0,189,52,1,97,61,0,0,0,0,0,0
1050,0.0878615,0,0,0,0,0,0,0,0,0,208,66,1,92,33,0,0,0,0,0,0
1060,0.108384,0,0,0,0,0,0,0,0,0,198,52,0,94,55,1,0,0,0,0,0
1070,0.123811,0,0,0,0,0,0,0,0,0,185,52,0,86,69,8,0,0,0,0,0
1080,0.114243,0,0,0,0,0,0,0,0,0,194,53,0,96,46,11,0,0,0,0,0
1090,0.106995,0,0,0,0,0,0,0,0,0,198,59,3,82,43,15,0,0,0,0,0
1100,0.112531,0,0,0,0,0,0,0,0,0,186,57,3,104,38,12,0,0,0,0,0
1110,0.115554,0,0,0,0,0,0,0,0,0,193,43,0,117,39,8,0,0,0,0,0
1120,0.107658,0,0,0,0,0,0,0,0,0,199,47,4,105,37,8,0,0,0,0,0
1130,0.108412,0,0,0,0,0,0,0,0,0,202,46,4,86,59,3,0,0,0,0,0
1140,0.121252,0,0,0,0,0,0,0,0,0,179,54,4,91,70,2,0,0,0,0,0
1150,0.125287,0,0,0,0,0,0,0,0,0,194,34,3,88,80,1,0,0,0,0,0
1160,0.141366,0,0,0,0,0,0,0,0,0,184,31,0,95,82,8,0,0,0,0,0
1170,0.104462,0,0,0,0,0,0,0,0,0,213,47,0,89,46,5,0,0,0,0,0
1180,0.118479,0,0,0,0,0,0,0,0,0,193,43,0,115,49,0,0,0,0,0,0
1190,0.133301,0,0,0,0,0,0,0,0,0,171,41,0,138,50,0,0,0,0,0,0
1200,0.111698,0,0,0,0,0,0,0,0,0,198,39,2,130,31,0,0,0,0,0,0
1210,0.0852855,0,0,0,0,0,0,0,0,0,222,49,2,103,24,0,0,0,0,0,0
1220,0.0919123,0,0,0,0,0,0,0,0,0,210,46,3,121,20,0,0,0,0,0,0
1230,0.108971,0,0,0,0,0,0,0,0,0,202,36,5,119,38,0,0,0,0,0,0
1240,0.108348,0,0,0,0,0,0,0,0,0,202,40,3,112,43,0,0,0,0,0,0
1250,0.118081,0,0,0,0,0,0,0,0,0,191,38,6,120,43,2,0,0,0,0,0
1260,0.105312,0,0,0,0,0,0,0,0,0,207,35,2,136,19,1,0,0,0,0,0
1270,0.123865,0,0,0,0,0,0,0,0,0,191,32,1,127,46,3,0,0,0,0,0
1280,0.125716,0,0,0,0,0,0,0,0,0,184,39,0,127,48,2,0,0,0,0,0
1290,0.137829,0,0,0,0,0,0,0,0,0,173,36,4,98,89,0,0,0,0,0,0
1300,0.138924,0,0,0,0,0,0,0,0,0,186,28,2,85,99,0,0,0,0,0,0
1310,0.127571,0,0,0,0,0,0,0,0,0,189,39,1,82,89,0,0,0,0,0,0
1320,0.141423,0,0,0,0,0,0,0,0,0,180,32,1,78,109,0,0,0,0,0,0
1330,0.149247,0,0,0,0,0,0,0,0,0,173,33,0,83,108,3,0,0,0,0,0
1340,0.131643,0,0,0,0,0,0,0,0,0,211,30,0,52,86,21,0,0,0,0,0
1350,0.159803,0,0,0,0,0,0,0,0,0,174,29,1,60,119,17,0,0,0,0,0
1360,0.189044,0,0,0,0,0,0,0,0,0,161,23,3,36,137,40,0,0,0,0,0
1370,0.189032,0,0,0,0,0,0,0,0,0,170,20,0,19,150,41,0,0,0,0,0
1380,0.20053,0,0,0,0,0,0,0,0,0,163,21,0,16,134,66,0,0,0,0,0
1390,0.172477,0,0,0,0,0,0,0,0,0,172,26,1,35,139,27,0,0,0,0,0
1400,0.174034,0,0,0,0,0,0,0,0,0,168,27,0,46,123,36,0,0,0,0,0
1410,0.166556,0,0,0,0,0,0,0,0,0,185,22,0,49,103,38,3,0,0,0,0
1420,0.179878,0,0,0,0,0,0,0,0,0,177,34,0,20,110,46,13,0,0,0,0
1430,0.19531,0,0,0,0,0,0,0,0,0,165,30,0,25,114,47,19,0,0,0,0
1440,0.160149,0,0,0,0,0,0,0,0,0,197,31,0,31,92,40,9,0,0,0,0
1450,0.176377,0,0,0,0,0,0,0,0,0,181,33,0,37,86,40,23,0,0,0,0
1460,0.184803,0,0,0,0,0,0,0,0,0,179,18,0,41,97,51,14,0,0,0,0
1470,0.186852,0,0,0,0,0,0,0,0,0,170,25,1,63,70,44,27,0,0,0,0
1480,0.212629,0,0,0,0,0,0,0,0,0,160,16,0,66,53,82,23,0,0,0,0
1490,0.170125,0,0,0,0,0,0,0,0,0,186,27,0,47,73,61,6,0,0,0,0
1500,0.191986,0,0,0,0,0,0,0,0,0,167,22,2,66,66,65,12,0,0,0,0
1510,0.199955,0,0,0,0,0,0,0,0,0,159,29,0,42,75,91,4,0,0,0,0
1520,0.208467,0,0,0,0,0,0,0,0,0,169,23,0,16,89,87,16,0,0,0,0
1530,0.205261,0,0,0,0,0,0,0,0,0,161,26,0,34,84,82,13,0,0,0,0
1540,0.21796,0,0,0,0,0,0,0,0,0,155,13,0,62,80,65,25,0,0,0,0
1550,0.22873,0,0,0,0,0,0,0,0,0,147,15,2,73,55,53,55,0,0,0,0
1560,0.199688,0,0,0,0,0,0,0,0,0,156,27,0,69,68,43,37,0,0,0,0
1570,0.207649,0,0,0,0,0,0,0,0,0,149,26,0,63,97,35,27,3,0,0,0
1580,0.204465,0,0,0,0,0,0,0,0,0,152,12,0,81,102,37,9,7,0,0,0
1590,0.189301,0,0,0,0,0,0,0,0,0,154,27,0,95,88,9,21,6,0,0,0
1600,0.168655,0,0,0,0,0,0,0,0,0,152,22,0,139,80,7,0,0,0,0,0
1610,0.165885,0,0,0,0,0,0,0,0,0,155,11,1,157,75,1,0,0,0,0,0
1620,0.167454,0,0,0,0,0,0,0,0,0,151,11,0,160,78,0,0,0,0,0,0
1630,0.154637,0,0,0,0,0,0,0,0,0,164,16,3,134,83,0,0,0,0,0,0
1640,0.148253,0,0,0,0,0,0,0,0,0,175,15,1,139,67,3,0,0,0,0,0
1650,0.175383,0,0,0,0,0,0,0,0,0,151,11,1,137,94,6,0,0,0,0,0
1660,0.164761,0,0,0,0,0,0,0,0,0,159,22,1,103,115,0,0,0,0,0,0
1670,0.177872,0,0,0,0,0,0,0,0,0,153,14,1,103,127,2,0,0,0,0,0
1680,0.178022,0,0,0,0,0,0,0,0,0,159,13,0,81,146,1,0,0,0,0,0
1690,0.1724,0,0,0,0,0,0,0,0,0,152,17,0,132,98,1,0,0,0,0,0
1700,0.169848,0,0,0,0,0,0,0,0,0,153,25,1,109,98,14,0,0,0,0,0
1710,0.167316,0,0,0,0,0,0,0,0,0,139,39,0,124,97,1,0,0,0,0,0
1720,0.167978,0,0,0,0,0,0,0,0,0,166,20,1,91,117,5,0,0,0,0,0
1730,0.167532,0,0,0,0,0,0,0,0,0,164,28,1,79,118,10,0,0,0,0,0
1740,0.155964,0,0,0,0,0,0,0,0,0,176,27,0,83,97,17,0,0,0,0,0
1750,0.162929,0,0,0,0,0,0,0,0,0,158,25,2,119,70,26,0,0,0,0,0
1760,0.168033,0,0,0,0,0,0,0,0,0,157,30,3,118,52,40,0,0,0,0,0
1770,0.173952,0,0,0,0,0,0,0,0,0,164,18,2,100,77,39,0,0,0,0,0
1780,0.17835,0,0,0,0,0,0,0,0,0,160,23,1,86,87,43,0,0,0,0,0
1790,0.156784,0,0,0,0,0,0,0,0,0,182,22,1,93,69,33,0,0,0,0,0
1800,0.148704,0,0,0,0,0,0,0,0,0,177,28,4,103,67,21,0,0,0,0,0
1810,0.132737,0,0,0,0,0,0,0,0,0,198,37,0,72,76,17,0,0,0,0,0
1820,0.131718,0,0,0,0,0,0,0,0,0,189,38,1,97,57,18,0,0,0,0,0
1830,0.167584,0,0,0,0,0,0,0,0,0,162,13,1,123,85,16,0,0,0,0,0
1840,0.15231,0,0,0,0,0,0,0,0,0,167,25,2,114,77,15,0,0,0,0,0
1850,0.131577,0,0,0,0,0,0,0,0,0,183,32,3,108,73,1,0,0,0,0,0
1860,0.137382,0,0,0,0,0,0,0,0,0,182,31,0,94,93,0,0,0,0,0,0
1870,0.145511,0,0,0,0,0,0,0,0,0,169,33,4,101,93,0,0,0,0,0,0
1880,0.125943,0,0,0,0,0,0,0,0,0,190,42,0,75,92,1,0,0,0,0,0
1890,0.138718,0,0,0,0,0,0,0,0,0,180,42,1,55,122,0,0,0,0,0,0
1900,0.179464,0,0,0,0,0,0,0,0,0,150,19,2,81,148,0,0,0,0,0,0
1910,0.127542,0,0,0,0,0,0,0,0,0,202,35,1,53,109,0,0,0,0,0,0
1920,0.14114,0,0,0,0,0,0,0,0,0,187,35,0,51,125,2,0,0,0,0,0
1930,0.14993,0,0,0,0,0,0,0,0,0,179,37,0,53,117,14,0,0,0,0,0
1940,0.17324,0,0,0,0,0,0,0,0,0,164,25,0,72,113,26,0,0,0,0,0
1950,0.168125,0,0,0,0,0,0,0,0,0,182,10,0,74,118,16,0,0,0,0,0
1960,0.157786,0,0,0,0,0,0,0,0,0,179,24,1,74,108,12,2,0,0,0,0
1970,0.160866,0,0,0,0,0,0,0,0,0,164,33,0,61,131,11,0,0,0,0,0
1980,0.161852,0,0,0,0,0,0,0,0,0,165,20,3,82,130,0,0,0,0,0,0
1990,0.162977,0,0,0,0,0,0,0,0,0,168,15,1,111,97,8,0,0,0,0,0
2000,0.179549,0,0,0,0,0,0,0,0,0,156,17,2,105,97,23,0,0,0,0,0
2010,0.159226,0,0,0,0,0,0,0,0,0,164,35,1,89,96,15,0,0,0,0,0
2020,0.144676,0,0,0,0,0,0,0,0,0,177,41,1,79,79,23,0,0,0,0,0
2030,0.152904,0,0,0,0,0,0,0,0,0,176,31,0,81,93,19,0,0,0,0,0
2040,0.179984,0,0,0,0,0,0,0,0,0,165,22,0,60,118,35,0,0,0,0,0
2050,0.168971,0,0,0,0,0,0,0,0,0,171,25,0,73,105,26,0,0,0,0,0
2060,0.157443,0,0,0,0,0,0,0,0,0,188,22,0,56,114,20,0,0,0,0,0
2070,0.143528,0,0,0,0,0,0,0,0,0,193,22,1,86,80,18,0,0,0,0,0
2080,0.13513,0,0,0,0,0,0,0,0,0,200,31,0,66,89,14,0,0,0,0,0
2090,0.152074,0,0,0,0,0,0,0,0,0,184,29,0,64,106,17,0,0,0,0,0
2100,0.170307,0,0,0,0,0,0,0,0,0,168,25,0,52,130,25,0,0,0,0,0
2110,0.135301,0,0,0,0,0,0,0,0,0,189,48,0,43,106,14,0,0,0,0,0
2120,0.158185,0,0,0,0,0,0,0,0,0,181,32,0,37,132,18,0,0,0,0,0
2130,0.175555,0,0,0,0,0,0,0,0,0,166,23,0,50,139,22,0,0,0,0,0
2140,0.170767,0,0,0,0,0,0,0,0,0,183,26,0,22,136,33,0,0,0,0,0
2150,0.145703,0,0,0,0,0,0,0,0,0,195,40,0,39,85,41,0,0,0,0,0
2160,0.107967,0,0,0,0,0,0,0,0,0,223,53,0,38,51,35,0,0,0,0,0
2170,0.118222,0,0,0,0,0,0,0,0,0,204,56,0,55,49,35,1,0,0,0,0
2180,0.126194,0,0,0,0,0,0,0,0,0,209,36,0,76,39,40,0,0,0,0,0
2190,0.120409,0,0,0,0,0,0,0,0,0,216,37,0,63,47,37,0,0,0,0,0
2200,0.120942,0,0,0,0,0,0,0,0,0,201,50,0,71,44,34,0,0,0,0,0
2210,0.118223,0,0,0,0,0,0,0,0,0,226,38,0,50,47,33,6,0,0,0,0
2220,0.138752,0,0,0,0,0,0,0,0,0,197,48,0,41,65,43,6,0,0,0,0
2230,0.132959,0,0,0,0,0,0,0,0,0,210,36,0,41,80,33,0,0,0,0,0
2240,0.138307,0,0,0,0,0,0,0,0,0,187,40,2,69,82,15,5,0,0,0,0
2250,0.132157,0,0,0,0,0,0,0,0,0,176,50,2,93,72,7,0,0,0,0,0
2260,0.125634,0,0,0,0,0,0,0,0,0,189,43,4,84,70,10,0,0,0,0,0
2270,0.123126,0,0,0,0,0,0,0,0,0,200,40,2,75,70,13,0,0,0,0,0
2280,0.12829,0,0,0,0,0,0,0,0,0,193,48,2,58,84,15,0,0,0,0,0
2290,0.119894,0,0,0,0,0,0,0,0,0,198,51,3,50,82,16,0,0,0,0,0
2300,0.132969,0,0,0,0,0,0,0,0,0,193,50,0,45,84,28,0,0,0,0,0
2310,0.115963,0,0,0,0,0,0,0,0,0,214,51,0,42,55,38,0,0,0,0,0
2320,0.115556,0,0,0,0,0,0,0,0,0,209,52,0,59,44,36,0,0,0,0,0
2330,0.120699,0,0,0,0,0,0,0,0,0,207,54,1,47,41,49,1,0,0,0,0
2340,0.133962,0,0,0,0,0,0,0,0,0,211,44,0,42,29,70,4,0,0,0,0
2350,0.153377,0,0,0,0,0,0,0,0,0,202,47,3,30,28,59,31,0,0,0,0
2360,0.162113,0,0,0,0,0,0,0,0,0,205,36,1,28,48,48,29,5,0,0,0
2370,0.150989,0,0,0,0,0,0,0,0,0,192,50,2,38,52,45,15,6,0,0,0
2380,0.146962,0,0,0,0,0,0,0,0,0,195,55,0,52,41,17,24,16,0,0,0
2390,0.164391,0,0,0,0,0,0,0,0,0,202,55,0,28,23,25,37,30,0,0,0
2400,0.175383,0,0,0,0,0,0,0,0,0,199,52,0,22,41,23,25,26,12,0,0
2410,0.185154,0,0,0,0,0,0,0,0,0,191,40,0,54,34,13,15,49,4,0,0
2420,0.16446,0,0,0,0,0,0,0,0,0,181,49,5,50,57,15,1,42,0,0,0
2430,0.128836,0,0,0,0,0,0,0,0,0,207,50,2,71,32,10,0,28,0,0,0
2440,0.121156,0,0,0,0,0,0,0,0,0,203,58,0,83,16,16,3,21,0,0,0
2450,0.138964,0,0,0,0,0,0,0,0,0,209,49,0,59,38,6,5,26,8,0,0
2460,0.157535,0,0,0,0,0,0,0,0,0,190,70,0,25,46,9,17,43,0,0,0
2470,0.17772,0,0,0,0,0,0,0,0,0,194,42,0,40,57,6,12,46,3,0,0
2480,0.165916,0,0,0,0,0,0,0,0,0,193,50,0,63,38,0,6,41,9,0,0
2490,0.162025,0,0,0,0,0,0,0,0,0,218,41,0,47,35,0,0,40,19,0,0
2500,0.175457,0,0,0,0,0,0,0,0,0,203,53,0,38,41,0,0,34,31,0,0
2510,0.17824,0,0,0,0,0,0,0,0,0,202,54,0,20,59,2,0,32,26,5,0
2520,0.160029,0,0,0,0,0,0,0,0,0,212,52,0,44,38,0,4,9,41,0,0
2530,0.137323,0,0,0,0,0,0,0,0,0,205,74,0,32,39,0,12,20,17,1,0
2540,0.173555,0,0,0,0,0,0,0,0,0,210,38,2,31,49,0,29,18,19,4,0
2550,0.168871,0,0,0,0,0,0,0,0,0,210,46,0,32,38,0,23,42,7,2,0
2560,0.174454,0,0,0,0,0,0,0,0,0,200,35,0,43,55,0,29,36,0,2,0
2570,0.181104,0,0,0,0,0,0,0,0,0,184,54,0,9,86,0,39,25,2,1,0
2580,0.226335,0,0,0,0,0,0,0,0,0,191,24,0,9,66,1,49,57,3,0,0
2590,0.183597,0,0,0,0,0,0,0,0,0,217,43,0,11,25,0,53,45,6,0,0
2600,0.224941,0,0,0,0,0,0,0,0,0,193,42,0,21,12,0,71,45,16,0,0
2610,0.212485,0,0,0,0,0,0,0,0,0,205,51,0,3,9,2,58,50,22,0,0
2620,0.246011,0,0,0,0,0,0,0,0,0,200,32,0,0,0,8,98,58,4,0,0
2630,0.223542,0,0,0,0,0,0,0,0,0,203,45,0,0,0,2,94,50,6,0,0
2640,0.197826,0,0,0,0,0,0,0,0,0,206,59,0,0,0,4,80,49,2,0,0
2650,0.24554,0,0,0,0,0,0,0,0,0,189,41,0,0,0,6,118,46,0,0,0
2660,0.176784,0,0,0,0,0,0,0,0,0,219,57,0,0,0,8,91,22,3,0,0
2670,0.163402,0,0,0,0,0,0,0,0,0,221,59,0,0,0,15,93,12,0,0,0
2680,0.204986,0,0,0,0,0,0,0,0,0,204,47,0,0,0,32,81,34,2,0,0
2690,0.207693,0,0,0,0,0,0,0,0,0,209,39,0,0,0,34,94,20,4,0,0
2700,0.165227,0,0,0,0,0,0,0,0,0,226,56,0,0,1,26,62,15,14,0,0
2710,0.249724,0,0,0,0,0,0,0,0,0,180,43,0,0,0,23,115,27,12,0,0
2720,0.214049,0,0,0,0,0,0,0,0,0,188,61,0,0,0,22,93,18,18,0,0
2730,0.249888,0,0,0,0,0,0,0,0,0,179,37,0,0,0,44,111,22,7,0,0
2740,0.21126,0,0,0,0,0,0,0,0,0,211,38,0,0,0,35,80,23,13,0,0
2750,0.230881,0,0,0,0,0,0,0,0,0,189,50,0,0,0,31,82,31,17,0,0
2760,0.221188,0,0,0,0,0,0,0,0,0,191,53,0,0,0,36,74,28,18,0,0
2770,0.218077,0,0,0,0,0,0,0,0,0,203,56,0,0,0,25,34,37,45,0,0
2780,0.227079,0,0,0,0,0,0,0,0,0,210,38,0,0,0,33,44,47,28,0,0
2790,0.237933,0,0,0,0,0,0,0,0,0,188,50,0,0,0,39,55,33,35,0,0
2800,0.183569,0,0,0,0,0,0,0,0,0,211,53,0,0,0,64,46,17,9,0,0
2810,0.237429,0,0,0,0,0,0,0,0,0,181,41,0,0,0,71,81,10,16,0,0
2820,0.223158,0,0,0,0,0,0,0,0,0,191,42,0,0,0,55,93,11,8,0,0
2830,0.229324,0,0,0,0,0,0,0,0,0,196,34,0,0,0,36,112,22,0,0,0
2840,0.220755,0,0,0,0,0,0,0,0,0,204,37,0,0,0,17,104,38,0,0,0
2850,0.248529,0,0,0,0,0,0,0,0,0,195,30,0,0,0,21,90,64,0,0,0
2860,0.248881,0,0,0,0,0,0,0,0,0,188,36,0,0,0,38,85,52,1,0,0
2870,0.263728,0,0,0,0,0,0,0,0,0,187,31,0,0,0,33,73,72,4,0,0
2880,0.259254,0,0,0,0,0,0,0,0,0,189,35,0,0,0,15,82,75,4,0,0
2890,0.223182,0,0,0,0,0,0,0,0,0,211,40,0,0,0,5,81,54,9,0,0
2900,0.22213,0,0,0,0,0,0,0,0,0,198,51,0,0,0,8,98,40,5,0,0
2910,0.249451,0,0,0,0,0,0,0,0,0,186,41,0,0,0,19,94,59,1,0,0
2920,0.246929,0,0,0,0,0,0,0,0,0,191,41,0,0,0,18,75,72,3,0,0
2930,0.266098,0,0,0,0,0,0,0,0,0,185,37,0,0,0,23,74,62,19,0,0
2940,0.262796,0,0,0,0,0,0,0,0,0,191,26,0,0,2,37,71,60,13,0,0
2950,0.234714,0,0,0,0,0,0,0,0,0,192,40,0,0,5,55,60,29,19,0,0
2960,0.211728,0,0,0,0,0,0,0,0,0,203,52,0,0,0,30,62,32,20,1,0
2970,0.243306,0,0,0,0,0,0,0,0,0,197,37,0,0,0,25,72,59,6,4,0
2980,0.192714,0,0,0,0,0,0,0,0,0,220,44,0,0,0,36,48,41,10,1,0
2990,0.200913,0,0,0,0,0,0,0,0,0,209,52,0,0,0,39,52,28,14,6,0
3000,0.217423,0,0,0,0,0,0,0,0,0,197,46,0,0,0,74,49,9,19,6,0
3010,0.258213,0,0,0,0,0,0,0,0,0,185,31,0,0,0,68,75,20,4,17,0
3020,0.230108,0,0,0,0,0,0,0,0,0,188,44,0,0,0,51,80,29,4,4,0
3030,0.263027,0,0,0,0,0,0,0,0,0,185,31,0,0,1,54,81,24,0,23,1
3040,0.206988,0,0,0,0,0,0,0,0,0,201,50,0,0,5,54,45,32,3,10,0
3050,0.233675,0,0,0,0,0,0,0,0,0,202,38,0,0,11,34,49,34,23,9,0
3060,0.207015,0,0,0,0,0,0,0,0,0,210,46,0,0,12,35,39,29,17,12,0
3070,0.199277,0,0,0,0,0,0,0,0,0,210,42,0,0,20,43,39,28,12,6,0
3080,0.211746,0,0,0,0,0,0,0,0,0,203,43,0,0,10,65,36,18,8,17,0
3090,0.240243,0,0,0,0,0,0,0,0,0,188,36,0,0,18,84,25,18,3,27,1
3100,0.214806,0,0,0,0,0,0,0,0,0,186,48,0,0,19,105,9,6,3,19,5
3110,0.202927,0,0,0,0,0,0,0,0,0,194,29,0,0,40,114,9,5,3,6,0
3120,0.15823,0,0,0,0,0,0,0,0,0,204,51,0,0,38,100,7,0,0,0,0
3130,0.20546,0,0,0,0,0,0,0,0,0,167,44,0,0,59,111,19,0,0,0,0
3140,0.179381,0,0,0,0,0,0,0,0,0,191,43,0,9,32,111,14,0,0,0,0
3150,0.149405,0,0,0,0,0,0,0,0,0,227,40,0,0,29,69,35,0,0,0,0
3160,0.169754,0,0,0,0,0,0,0,0,0,208,35,0,0,54,78,25,0,0,0,0
3170,0.155961,0,0,0,0,0,0,0,0,0,202,46,0,3,69,74,6,0,0,0,0
3180,0.156803,0,0,0,0,0,0,0,0,0,200,50,0,1,57,87,5,0,0,0,0
3190,0.176751,0,0,0,0,0,0,0,0,0,188,42,0,2,57,110,1,0,0,0,0
3200,0.160098,0,0,0,0,0,0,0,0,0,184,58,0,12,51,95,0,0,0,0,0
3210,0.13655,0,0,0,0,0,0,0,0,0,214,54,0,10,30,90,2,0,0,0,0
3220,0.151552,0,0,0,0,0,0,0,0,0,215,39,0,11,33,98,4,0,0,0,0
3230,0.152446,0,0,0,0,0,0,0,0,0,201,51,0,18,34,81,15,0,0,0,0
3240,0.135738,0,0,0,0,0,0,0,0,0,212,53,0,17,44,70,4,0,0,0,0
3250,0.158304,0,0,0,0,0,0,0,0,0,193,46,0,18,73,64,6,0,0,0,0
3260,0.141889,0,0,0,0,0,0,0,0,0,220,40,0,12,47,79,2,0,0,0,0
3270,0.136067,0,0,0,0,0,0,0,0,0,222,40,0,8,69,58,3,0,0,0,0
3280,0.121822,0,0,0,0,0,0,0,0,0,226,47,0,5,78,42,2,0,0,0,0
3290,0.124526,0,0,0,0,0,0,0,0,0,213,62,0,0,71,54,0,0,0,0,0
3300,0.151314,0,0,0,0,0,0,0,0,0,210,34,0,5,91,58,2,0,0,0,0
3310,0.166214,0,0,0,0,0,0,0,0,0,192,37,0,0,110,59,2,0,0,0,0
3320,0.149301,0,0,0,0,0,0,0,0,0,208,43,0,0,81,66,2,0,0,0,0
3330,0.155741,0,0,0,0,0,0,0,0,0,206,43,0,0,63,83,5,0,0,0,0
3340,0.13839,0,0,0,0,0,0,0,0,0,214,52,0,0,59,65,10,0,0,0,0
3350,0.164975,0,0,0,0,0,0,0,0,0,199,58,0,0,23,81,39,0,0,0,0
3360,0.166576,0,0,0,0,0,0,0,0,0,198,49,0,1,56,61,35,0,0,0,0
3370,0.157978,0,0,0,0,0,0,0,0,0,197,42,0,7,94,56,4,0,0,0,0
3380,0.158398,0,0,0,0,0,0,0,0,0,183,54,0,10,87,65,1,0,0,0,0
3390,0.13613,0,0,0,0,0,0,0,0,0,212,49,0,2,83,50,4,0,0,0,0
3400,0.162708,0,0,0,0,0,0,0,0,0,200,36,0,5,77,76,6,0,0,0,0
3410,0.153599,0,0,0,0,0,0,0,0,0,206,44,0,1,60,82,7,0,0,0,0
3420,0.119566,0,0,0,0,0,0,0,0,0,210,72,0,19,24,62,13,0,0,0,0
3430,0.138141,0,0,0,0,0,0,0,0,0,199,57,0,44,23,64,13,0,0,0,0
3440,0.146638,0,0,0,0,0,0,0,0,0,218,42,1,12,39,63,25,0,0,0,0
3450,0.155961,0,0,0,0,0,0,0,0,0,195,51,0,37,34,52,31,0,0,0,0
3460,0.154227,0,0,0,0,0,0,0,0,0,205,49,0,31,27,44,44,0,0,0,0
3470,0.140414,0,0,0,0,0,0,0,0,0,196,50,0,74,15,41,24,0,0,0,0
3480,0.133172,0,0,0,0,0,0,0,0,0,203,54,0,40,30,62,11,0,0,0,0
3490,0.129102,0,0,0,0,0,0,0,0,0,200,52,1,63,31,52,1,0,0,0,0
3500,0.143664,0,0,0,0,0,0,0,0,0,193,43,1,66,34,61,2,0,0,0,0
3510,0.14224,0,0,0,0,0,0,0,0,0,203,26,8,77,27,41,18,0,0,0,0
3520,0.131383,0,0,0,0,0,0,0,0,0,195,59,2,48,41,46,9,0,0,0,0
3530,0.132545,0,0,0,0,0,0,0,0,0,217,32,2,46,47,52,4,0,0,0,0
3540,0.133746,0,0,0,0,0,0,0,0,0,196,53,4,44,56,38,9,0,0,0,0
3550,0.161186,0,0,0,0,0,0,0,0,0,182,45,1,38,63,60,11,0,0,0,0
3560,0.141576,0,0,0,0,0,0,0,0,0,192,44,1,59,53,48,3,0,0,0,0
3570,0.141526,0,0,0,0,0,0,0,0,0,180,51,0,81,44,44,0,0,0,0,0
3580,0.149021,0,0,0,0,0,0,0,0,0,199,21,7,66,62,42,3,0,0,0,0
3590,0.119088,0,0,0,0,0,0,0,0,0,204,43,7,72,42,30,2,0,0,0,0
3600,0.108646,0,0,0,0,0,0,0,0,0,204,69,5,41,44,37,0,0,0,0,0
3610,0.152228,0,0,0,0,0,0,0,0,0,190,47,0,41,59,57,6,0,0,0,0
3620,0.15129,0,0,0,0,0,0,0,0,0,194,45,0,41,56,53,11,0,0,0,0
3630,0.115014,0,0,0,0,0,0,0,0,0,212,54,0,60,36,35,3,0,0,0,0
3640,0.159888,0,0,0,0,0,0,0,0,0,179,34,0,67,63,56,1,0,0,0,0
3650,0.152802,0,0,0,0,0,0,0,0,0,186,31,0,71,61,45,6,0,0,0,0
3660,0.143042,0,0,0,0,0,0,0,0,0,194,34,1,69,62,32,8,0,0,0,0
3670,0.133861,0,0,0,0,0,0,0,0,0,196,31,4,99,39,28,3,0,0,0,0
3680,0.113897,0,0,0,0,0,0,0,0,0,208,38,2,91,52,9,0,0,0,0,0
3690,0.115829,0,0,0,0,0,0,0,0,0,199,53,1,68,66,13,0,0,0,0,0
3700,0.114393,0,0,0,0,0,0,0,0,0,192,49,0,94,65,0,0,0,0,0,0
3710,0.127195,0,0,0,0,0,0,0,0,0,178,47,1,93,80,1,0,0,0,0,0
3720,0.138161,0,0,0,0,0,0,0,0,0,194,28,0,62,116,0,0,0,0,0,0
3730,0.153384,0,0,0,0,0,0,0,0,0,179,27,0,67,124,3,0,0,0,0,0
3740,0.136083,0,0,0,0,0,0,0,0,0,197,33,1,42,118,9,0,0,0,0,0
3750,0.154842,0,0,0,0,0,0,0,0,0,180,26,0,78,101,15,0,0,0,0,0
3760,0.153721,0,0,0,0,0,0,0,0,0,172,25,0,106,90,7,0,0,0,0,0
3770,0.157126,0,0,0,0,0,0,0,0,0,169,32,1,86,95,17,0,0,0,0,0
3780,0.151034,0,0,0,0,0,0,0,0,0,184,31,0,68,88,29,0,0,0,0,0
3790,0.151736,0,0,0,0,0,0,0,0,0,168,34,0,105,74,19,0,0,0,0,0
3800,0.141784,0,0,0,0,0,0,0,0,0,196,33,1,68,67,35,0,0,0,0,0
3810,0.17744,0,0,0,0,0,0,0,0,0,177,24,1,53,84,58,3,0,0,0,0
3820,0.168102,0,0,0,0,0,0,0,0,0,177,38,1,39,83,61,1,0,0,0,0
3830,0.175105,0,0,0,0,0,0,0,0,0,172,29,0,48,98,51,2,0,0,0,0
3840,0.174198,0,0,0,0,0,0,0,0,0,173,41,0,20,97,66,3,0,0,0,0
3850,0.163821,0,0,0,0,0,0,0,0,0,183,39,0,31,81,66,0,0,0,0,0
3860,0.14098,0,0,0,0,0,0,0,0,0,199,45,0,24,90,40,2,0,0,0,0
3870,0.143491,0,0,0,0,0,0,0,0,0,191,42,0,25,120,22,0,0,0,0,0
3880,0.128353,0,0,0,0,0,0,0,0,0,207,43,0,36,87,27,0,0,0,0,0
3890,0.132045,0,0,0,0,0,0,0,0,0,184,63,0,41,77,34,1,0,0,0,0
3900,0.163748,0,0,0,0,0,0,0,0,0,168,30,0,70,110,22,0,0,0,0,0
3910,0.1637,0,0,0,0,0,0,0,0,0,181,22,2,51,114,30,0,0,0,0,0
3920,0.1514,0,0,0,0,0,0,0,0,0,191,24,0,75,88,22,0,0,0,0,0
3930,0.162702,0,0,0,0,0,0,0,0,0,176,25,0,74,115,10,0,0,0,0,0
3940,0.162166,0,0,0,0,0,0,0,0,0,170,33,0,62,125,9,1,0,0,0,0
3950,0.161109,0,0,0,0,0,0,0,0,0,182,29,0,49,111,25,4,0,0,0,0
3960,0.191813,0,0,0,0,0,0,0,0,0,159,22,0,52,121,39,7,0,0,0,0
3970,0.205673,0,0,0,0,0,0,0,0,0,170,16,0,28,103,72,11,0,0,0,0
3980,0.188341,0,0,0,0,0,0,0,0,0,170,24,1,34,117,48,4,2,0,0,0
3990,0.17896,0,0,0,0,0,0,0,0,0,168,25,1,42,138,26,0,0,0,0,0
4000,0.158585,0,0,0,0,0,0,0,0,0,179,37,0,49,110,25,0,0,0,0,0
4010,0.170955,0,0,0,0,0,0,0,0,0,184,30,3,24,94,65,0,0,0,0,0
4020,0.163474,0,0,0,0,0,0,0,0,0,189,30,0,13,134,34,0,0,0,0,0
4030,0.146294,0,0,0,0,0,0,0,0,0,199,37,1,13,131,19,0,0,0,0,0
4040,0.16865,0,0,0,0,0,0,0,0,0,182,27,0,18,156,17,0,0,0,0,0
4050,0.182356,0,0,0,0,0,0,0,0,0,168,23,1,36,131,41,0,0,0,0,0
4060,0.167522,0,0,0,0,0,0,0,0,0,175,24,0,56,119,26,0,0,0,0,0
4070,0.152056,0,0,0,0,0,0,0,0,0,186,31,0,56,101,26,0,0,0,0,0
4080,0.14303,0,0,0,0,0,0,0,0,0,184,32,1,87,72,24,0,0,0,0,0
4090,0.135382,0,0,0,0,0,0,0,0,0,189,31,2,88,82,8,0,0,0,0,0
4100,0.116148,0,0,0,0,0,0,0,0,0,202,49,0,73,57,19,0,0,0,0,0
4110,0.128328,0,0,0,0,0,0,0,0,0,193,34,3,97,61,12,0,0,0,0,0
4120,0.131309,0,0,0,0,0,0,0,0,0,183,37,0,112,63,5,0,0,0,0,0
4130,0.115584,0,0,0,0,0,0,0,0,0,199,41,3,101,48,8,0,0,0,0,0
4140,0.146446,0,0,0,0,0,0,0,0,0,173,25,1,101,99,1,0,0,0,0,0
4150,0.138435,0,0,0,0,0,0,0,0,0,174,33,0,107,85,1,0,0,0,0,0
4160,0.144599,0,0,0,0,0,0,0,0,0,183,30,1,78,108,0,0,0,0,0,0
4170,0.132095,0,0,0,0,0,0,0,0,0,191,38,0,65,105,1,0,0,0,0,0
4180,0.131852,0,0,0,0,0,0,0,0,0,197,42,1,37,114,9,0,0,0,0,0
4190,0.132663,0,0,0,0,0,0,0,0,0,195,43,3,48,101,10,0,0,0,0,0
4200,0.15235,0,0,0,0,0,0,0,0,0,185,33,0,48,117,17,0,0,0,0,0
4210,0.152264,0,0,0,0,0,0,0,0,0,169,39,1,71,110,10,0,0,0,0,0
4220,0.129291,0,0,0,0,0,0,0,0,0,188,39,4,93,60,16,0,0,0,0,0
4230,0.143948,0,0,0,0,0,0,0,0,0,183,21,8,94,88,6,0,0,0,0,0
4240,0.165727,0,0,0,0,0,0,0,0,0,162,25,5,101,80,27,0,0,0,0,0
4250,0.131986,0,0,0,0,0,0,0,0,0,183,40,9,80,76,12,0,0,0,0,0
4260,0.164646,0,0,0,0,0,0,0,0,0,176,26,1,68,104,25,0,0,0,0,0
4270,0.189592,0,0,0,0,0,0,0,0,0,161,24,1,45,126,43,0,0,0,0,0
4280,0.185243,0,0,0,0,0,0,0,0,0,159,33,0,41,119,48,0,0,0,0,0
4290,0.188781,0,0,0,0,0,0,0,0,0,168,23,0,24,150,34,1,0,0,0,0
4300,0.170226,0,0,0,0,0,0,0,0,0,188,24,0,22,125,39,2,0,0,0,0
4310,0.17973,0,0,0,0,0,0,0,0,0,173,36,0,7,134,50,0,0,0,0,0
4320,0.173315,0,0,0,0,0,0,0,0,0,180,30,0,23,124,38,5,0,0,0,0
4330,0.164172,0,0,0,0,0,0,0,0,0,177,28,0,55,110,25,5,0,0,0,0
4340,0.186006,0,0,0,0,0,0,0,0,0,161,30,2,32,127,41,7,0,0,0,0
4350,0.173608,0,0,0,0,0,0,0,0,0,174,26,2,38,125,35,0,0,0,0,0
4360,0.182203,0,0,0,0,0,0,0,0,0,173,19,0,43,111,53,1,0,0,0,0
4370,0.160069,0,0,0,0,0,0,0,0,0,191,33,0,29,103,43,1,0,0,0,0
4380,0.158608,0,0,0,0,0,0,0,0,0,180,38,0,39,104,39,0,0,0,0,0
4390,0.175599,0,0,0,0,0,0,0,0,0,167,26,9,56,96,46,0,0,0,0,0
4400,0.184304,0,0,0,0,0,0,0,0,0,171,22,1,38,98,70,0,0,0,0,0
4410,0.174076,0,0,0,0,0,0,0,0,0,167,29,4,54,101,45,0,0,0,0,0
4420,0.156159,0,0,0,0,0,0,0,0,0,191,35,0,20,117,37,0,0,0,0,0
4430,0.166573,0,0,0,0,0,0,0,0,0,186,31,0,25,111,47,0,0,0,0,0
4440,0.181305,0,0,0,0,0,0,0,0,0,172,31,0,10,146,41,0,0,0,0,0
4450,0.173424,0,0,0,0,0,0,0,0,0,166,35,0,22,155,22,0,0,0,0,0
4460,0.137648,0,0,0,0,0,0,0,0,0,188,52,0,22,123,15,0,0,0,0,0
4470,0.153125,0,0,0,0,0,0,0,0,0,196,24,0,33,122,25,0,0,0,0,0
4480,0.145764,0,0,0,0,0,0,0,0,0,189,36,0,43,107,25,0,0,0,0,0
4490,0.152917,0,0,0,0,0,0,0,0,0,175,41,0,41,132,11,0,0,0,0,0
4500,0.138658,0,0,0,0,0,0,0,0,0,187,45,0,49,104,15,0,0,0,0,0
4510,0.124168,0,0,0,0,0,0,0,0,0,199,44,1,56,89,9,2,0,0,0,0
4520,0.11836,0,0,0,0,0,0,0,0,0,195,56,0,55,91,3,0,0,0,0,0
4530,0.128705,0,0,0,0,0,0,0,0,0,184,47,2,82,77,2,6,0,0,0,0
4540,0.125635,0,0,0,0,0,0,0,0,0,182,46,2,105,61,4,0,0,0,0,0
4550,0.10486,0,0,0,0,0,0,0,0,0,216,42,1,82,56,3,0,0,0,0,0
4560,0.0950647,0,0,0,0,0,0,0,0,0,220,54,1,59,57,9,0,0,0,0,0
4570,0.12567,0,0,0,0,0,0,0,0,0,185,44,2,94,70,5,0,0,0,0,0
4580,0.11402,0,0,0,0,0,0,0,0,0,191,52,3,84,62,8,0,0,0,0,0
4590,0.111262,0,0,0,0,0,0,0,0,0,210,38,1,85,66,0,0,0,0,0,0
4600,0.150183,0,0,0,0,0,0,0,0,0,166,35,1,89,108,1,0,0,0,0,0
4610,0.115042,0,0,0,0,0,0,0,0,0,193,47,2,108,42,8,0,0,0,0,0
4620,0.0858054,0,0,0,0,0,0,0,0,0,231,48,1,72,48,0,0,0,0,0,0
4630,0.0954114,0,0,0,0,0,0,0,0,0,219,42,4,93,42,0,0,0,0,0,0
4640,0.0943764,0,0,0,0,0,0,0,0,0,202,67,0,77,54,0,0,0,0,0,0
4650,0.0895698,0,0,0,0,0,0,0,0,0,225,45,8,72,50,0,0,0,0,0,0
4660,0.110394,0,0,0,0,0,0,0,0,0,202,50,4,70,71,3,0,0,0,0,0
4670,0.126924,0,0,0,0,0,0,0,0,0,207,36,0,52,97,8,0,0,0,0,0
4680,0.136369,0,0,0,0,0,0,0,0,0,203,33,0,43,113,8,0,0,0,0,0
4690,0.135107,0,0,0,0,0,0,0,0,0,194,51,0,22,115,18,0,0,0,0,0
4700,0.144283,0,0,0,0,0,0,0,0,0,179,56,0,26,118,21,0,0,0,0,0
4710,0.153402,0,0,0,0,0,0,0,0,0,175,51,0,16,137,21,0,0,0,0,0
4720,0.113854,0,0,0,0,0,0,0,0,0,222,50,0,14,98,16,0,0,0,0,0
4730,0.126611,0,0,0,0,0,0,0,0,0,213,47,0,8,99,33,0,0,0,0,0
4740,0.111565,0,0,0,0,0,0,0,0,0,222,47,0,14,109,8,0,0,0,0,0
4750,0.13261,0,0,0,0,0,0,0,0,0,197,45,0,27,129,2,0,0,0,0,0
4760,0.121027,0,0,0,0,0,0,0,0,0,207,48,1,23,119,2,0,0,0,0,0
4770,0.13533,0,0,0,0,0,0,0,0,0,191,53,0,26,110,20,0,0,0,0,0
4780,0.154614,0,0,0,0,0,0,0,0,0,185,35,0,43,115,22,0,0,0,0,0
4790,0.148045,0,0,0,0,0,0,0,0,0,190,35,0,33,132,10,0,0,0,0,0
4800,0.144558,0,0,0,0,0,0,0,0,0,183,33,0,82,96,6,0,0,0,0,0
4810,0.117394,0,0,0,0,0,0,0,0,0,199,55,1,63,67,15,0,0,0,0,0
4820,0.119343,0,0,0,0,0,0,0,0,0,205,47,0,69,58,21,0,0,0,0,0
4830,0.112602,0,0,0,0,0,0,0,0,0,229,43,0,29,59,40,0,0,0,0,0
4840,0.149342,0,0,0,0,0,0,0,0,0,183,48,0,39,79,51,0,0,0,0,0
4850,0.134387,0,0,0,0,0,0,0,0,0,203,44,1,44,57,51,0,0,0,0,0
4860,0.160202,0,0,0,0,0,0,0,0,0,189,35,1,50,41,71,13,0,0,0,0
4870,0.149262,0,0,0,0,0,0,0,0,0,191,45,0,49,54,49,12,0,0,0,0
4880,0.147913,0,0,0,0,0,0,0,0,0,188,48,0,40,83,30,11,0,0,0,0
4890,0.14911,0,0,0,0,0,0,0,0,0,189,43,0,45,85,27,11,0,0,0,0
4900,0.160811,0,0,0,0,0,0,0,0,0,194,39,0,31,65,58,13,0,0,0,0
4910,0.161897,0,0,0,0,0,0,0,0,0,181,38,0,74,51,40,13,3,0,0,0
4920,0.131482,0,0,0,0,0,0,0,0,0,190,44,2,89,51,14,10,0,0,0,0
4930,0.142888,0,0,0,0,0,0,0,0,0,188,26,4,104,54,11,13,0,0,0,0
4940,0.158701,0,0,0,0,0,0,0,0,0,182,26,1,105,43,17,26,0,0,0,0
4950,0.133838,0,0,0,0,0,0,0,0,0,193,35,2,70,95,4,1,0,0,0,0
4960,0.131402,0,0,0,0,0,0,0,0,0,174,47,7,79,93,0,0,0,0,0,0
4970,0.124356,0,0,0,0,0,0,0,0,0,197,39,4,76,69,15,0,0,0,0,0
4980,0.128762,0,0,0,0,0,0,0,0,0,208,27,3,69,73,20,0,0,0,0,0
4990,0.109052,0,0,0,0,0,0,0,0,0,225,37,1,69,40,28,0,0,0,0,0
5000,0.0972355,0,0,0,0,0,0,0,0,0,221,44,0,101,21,13,0,0,0,0,0
5010,0.116454,0,0,0,0,0,0,0,0,0,201,36,2,120,16,25,0,0,0,0,0
5020,0.119842,0,0,0,0,0,0,0,0,0,187,51,1,112,31,18,0,0,0,0,0
5030,0.118106,0,0,0,0,0,0,0,0,0,197,48,5,82,45,19,4,0,0,0,0
5040,0.106974,0,0,0,0,0,0,0,0,0,212,45,0,86,42,14,1,0,0,0,0
5050,0.131376,0,0,0,0,0,0,0,0,0,189,35,0,106,56,14,0,0,0,0,0
5060,0.12186,0,0,0,0,0,0,0,0,0,201,39,0,86,59,15,0,0,0,0,0
5070,0.118519,0,0,0,0,0,0,0,0,0,194,56,0,64,67,19,0,0,0,0,0
5080,0.108236,0,0,0,0,0,0,0,0,0,220,47,1,51,65,16,0,0,0,0,0
5090,0.143274,0,0,0,0,0,0,0,0,0,180,44,0,50,120,6,0,0,0,0,0
5100,0.151456,0,0,0,0,0,0,0,0,0,190,34,0,34,131,11,0,0,0,0,0
5110,0.144621,0,0,0,0,0,0,0,0,0,184,38,0,60,99,19,0,0,0,0,0
5120,0.142212,0,0,0,0,0,0,0,0,0,192,43,0,50,84,31,0,0,0,0,0
5130,0.172896,0,0,0,0,0,0,0,0,0,177,46,0,21,65,91,0,0,0,0,0
5140,0.171072,0,0,0,0,0,0,0,0,0,186,42,0,23,54,86,9,0,0,0,0
5150,0.226489,0,0,0,0,0,0,0,0,0,157,19,0,33,52,127,12,0,0,0,0
5160,0.204334,0,0,0,0,0,0,0,0,0,178,27,0,10,56,99,30,0,0,0,0
5170,0.214203,0,0,0,0,0,0,0,0,0,173,22,0,18,65,76,46,0,0,0,0
5180,0.227236,0,0,0,0,0,0,0,0,0,172,18,0,26,45,99,29,11,0,0,0
5190,0.207165,0,0,0,0,0,0,0,0,0,190,17,0,34,53,48,46,12,0,0,0
5200,0.228987,0,0,0,0,0,0,0,0,0,168,20,0,47,39,56,52,18,0,0,0
5210,0.234339,0,0,0,0,0,0,0,0,0,158,9,1,82,40,43,44,23,0,0,0
5220,0.228872,0,0,0,0,0,0,0,0,0,165,14,2,69,46,15,75,14,0,0,0
5230,0.251076,0,0,0,0,0,0,0,0,0,138,13,2,45,83,53,60,6,0,0,0
5240,0.233616,0,0,0,0,0,0,0,0,0,149,14,1,26,126,52,23,9,0,0,0
5250,0.231029,0,0,0,0,0,0,0,0,0,159,10,3,20,113,63,23,9,0,0,0
5260,0.226073,0,0,0,0,0,0,0,0,0,165,12,1,20,114,42,32,14,0,0,0
5270,0.217053,0,0,0,0,0,0,0,0,0,149,22,6,47,107,27,21,21,0,0,0
5280,0.181724,0,0,0,0,0,0,0,0,0,173,10,0,63,130,20,0,4,0,0,0
5290,0.195748,0,0,0,0,0,0,0,0,0,153,11,0,65,151,18,2,0,0,0,0
5300,0.193739,0,0,0,0,0,0,0,0,0,154,14,0,58,154,14,6,0,0,0,0
5310,0.196996,0,0,0,0,0,0,0,0,0,134,10,2,103,145,6,0,0,0,0,0
5320,0.168626,0,0,0,0,0,0,0,0,0,158,20,2,103,114,3,0,0,0,0,0
5330,0.189127,0,0,0,0,0,0,0,0,0,151,9,0,91,143,6,0,0,0,0,0
5340,0.165333,0,0,0,0,0,0,0,0,0,174,13,0,88,124,1,0,0,0,0,0
5350,0.186818,0,0,0,0,0,0,0,0,0,150,7,1,108,127,7,0,0,0,0,0
5360,0.188094,0,0,0,0,0,0,0,0,0,158,10,0,88,112,32,0,0,0,0,0
5370,0.183295,0,0,0,0,0,0,0,0,0,162,11,3,86,107,31,0,0,0,0,0
5380,0.190365,0,0,0,0,0,0,0,0,0,154,11,1,104,88,42,0,0,0,0,0
5390,0.187711,0,0,0,0,0,0,0,0,0,175,12,1,31,134,47,0,0,0,0,0
5400,0.200059,0,0,0,0,0,0,0,0,0,151,18,9,51,109,61,1,0,0,0,0
5410,0.224171,0,0,0,0,0,0,0,0,0,153,11,0,43,93,86,14,0,0,0,0
5420,0.223305,0,0,0,0,0,0,0,0,0,157,11,0,38,90,86,18,0,0,0,0
5430,0.210807,0,0,0,0,0,0,0,0,0,161,12,0,62,78,74,13,0,0,0,0
5440,0.21538,0,0,0,0,0,0,0,0,0,142,10,0,91,83,71,3,0,0,0,0
5450,0.22434,0,0,0,0,0,0,0,0,0,150,9,0,60,78,89,14,0,0,0,0
5460,0.184316,0,0,0,0,0,0,0,0,0,181,10,1,69,62,65,12,0,0,0,0
5470,0.216392,0,0,0,0,0,0,0,0,0,161,15,0,66,49,72,37,0,0,0,0
5480,0.194529,0,0,0,0,0,0,0,0,0,181,16,0,74,26,62,41,0,0,0,0
5490,0.209529,0,0,0,0,0,0,0,0,0,176,20,1,60,23,51,69,0,0,0,0
5500,0.221508,0,0,0,0,0,0,0,0,0,159,22,0,53,43,70,53,0,0,0,0
5510,0.213154,0,0,0,0,0,0,0,0,0,168,12,0,84,31,53,52,0,0,0,0
5520,0.211694,0,0,0,0,0,0,0,0,0,168,24,0,49,38,76,42,3,0,0,0
5530,0.19973,0,0,0,0,0,0,0,0,0,191,22,0,23,69,40,44,11,0,0,0
5540,0.204587,0,0,0,0,0,0,0,0,0,180,24,0,37,56,49,45,9,0,0,0
5550,0.205562,0,0,0,0,0,0,0,0,0,188,29,0,20,61,15,72,15,0,0,0
5560,0.172407,0,0,0,0,0,0,0,0,0,200,38,0,49,30,19,58,6,0,0,0
5570,0.162237,0,0,0,0,0,0,0,0,0,178,52,0,77,40,0,36,17,0,0,0
5580,0.183337,0,0,0,0,0,0,0,0,0,172,23,2,106,45,2,30,20,0,0,0
5590,0.141764,0,0,0,0,0,0,0,0,0,193,52,3,64,55,0,8,18,7,0,0
5600,0.131694,0,0,0,0,0,0,0,0,0,191,41,4,76,82,1,0,5,0,0,0
5610,0.141988,0,0,0,0,0,0,0,0,0,187,41,0,51,116,0,0,1,4,0,0
5620,0.120771,0,0,0,0,0,0,0,0,0,213,48,0,30,99,0,0,4,6,0,0
5630,0.138466,0,0,0,0,0,0,0,0,0,188,49,0,38,119,4,0,1,1,0,0
5640,0.152157,0,0,0,0,0,0,0,0,0,184,37,1,48,116,14,0,0,0,0,0
5650,0.161104,0,0,0,0,0,0,0,0,0,166,48,0,41,121,24,0,0,0,0,0
5660,0.143237,0,0,0,0,0,0,0,0,0,184,45,0,51,94,26,0,0,0,0,0
5670,0.168056,0,0,0,0,0,0,0,0,0,169,36,0,48,102,45,0,0,0,0,0
5680,0.165862,0,0,0,0,0,0,0,0,0,182,35,1,24,96,62,0,0,0,0,0
5690,0.16969,0,0,0,0,0,0,0,0,0,184,35,1,34,61,84,1,0,0,0,0
5700,0.163686,0,0,0,0,0,0,0,0,0,192,46,0,15,43,103,1,0,0,0,0
5710,0.180985,0,0,0,0,0,0,0,0,0,176,44,0,16,66,97,1,0,0,0,0
5720,0.17259,0,0,0,0,0,0,0,0,0,188,45,0,7,53,107,0,0,0,0,0
5730,0.165073,0,0,0,0,0,0,0,0,0,202,39,0,2,50,105,2,0,0,0,0
5740,0.199756,0,0,0,0,0,0,0,0,0,175,36,0,0,49,138,2,0,0,0,0
5750,0.19377,0,0,0,0,0,0,0,0,0,186,31,0,0,46,135,2,0,0,0,0
5760,0.172383,0,0,0,0,0,0,0,0,0,212,24,0,0,62,100,2,0,0,0,0
5770,0.155527,0,0,0,0,0,0,0,0,0,200,49,0,3,60,64,24,0,0,0,0
5780,0.139364,0,0,0,0,0,0,0,0,0,198,65,0,8,51,70,8,0,0,0,0
5790,0.183229,0,0,0,0,0,0,0,0,0,197,29,0,5,59,91,19,0,0,0,0
5800,0.218075,0,0,0,0,0,0,0,0,0,170,32,0,9,46,97,46,0,0,0,0
5810,0.196906,0,0,0,0,0,0,0,0,0,181,36,0,17,61,60,45,0,0,0,0
5820,0.175213,0,0,0,0,0,0,0,0,0,195,46,0,7,35,84,33,0,0,0,0
5830,0.178118,0,0,0,0,0,0,0,0,0,204,37,0,4,38,76,41,0,0,0,0
5840,0.201923,0,0,0,0,0,0,0,0,0,184,36,0,4,44,79,53,0,0,0,0
5850,0.191137,0,0,0,0,0,0,0,0,0,186,42,0,0,47,87,38,0,0,0,0
5860,0.186575,0,0,0,0,0,0,0,0,0,187,45,0,1,42,80,45,0,0,0,0
5870,0.208975,0,0,0,0,0,0,0,0,0,176,36,0,0,37,121,30,0,0,0,0
5880,0.188172,0,0,0,0,0,0,0,0,0,203,35,0,0,15,110,37,0,0,0,0
5890,0.202746,0,0,0,0,0,0,0,0,0,188,40,0,0,15,112,39,6,0,0,0
5900,0.233735,0,0,0,0,0,0,0,0,0,181,31,0,0,20,77,73,18,0,0,0
5910,0.196524,0,0,0,0,0,0,0,0,0,206,32,0,0,13,84,61,4,0,0,0
5920,0.20539,0,0,0,0,0,0,0,0,0,196,33,0,0,18,94,53,6,0,0,0
5930,0.210515,0,0,0,0,0,0,0,0,0,193,34,0,0,5,109,50,9,0,0,0
5940,0.195375,0,0,0,0,0,0,0,0,0,204,43,0,0,5,63,70,15,0,0,0
5950,0.171392,0,0,0,0,0,0,0,0,0,222,45,0,0,8,37,81,7,0,0,0
5960,0.174455,0,0,0,0,0,0,0,0,0,215,48,0,0,0,61,73,3,0,0,0
5970,0.193233,0,0,0,0,0,0,0,0,0,195,49,0,0,2,92,51,11,0,0,0
5980,0.189834,0,0,0,0,0,0,0,0,0,198,51,0,0,0,86,53,12,0,0,0
5990,0.196393,0,0,0,0,0,0,0,0,0,197,41,0,0,8,106,24,24,0,0,0
6000,0.209107,0,0,0,0,0,0,0,0,0,198,46,0,0,13,47,50,42,4,0,0
6010,0.199234,0,0,0,0,0,0,0,0,0,217,43,0,0,3,33,52,47,5,0,0
6020,0.162791,0,0,0,0,0,0,0,0,0,236,48,0,0,2,34,38,34,8,0,0
6030,0.184122,0,0,0,0,0,0,0,0,0,213,45,0,4,19,30,46,43,0,0,0
6040,0.151458,0,0,0,0,0,0,0,0,0,224,56,0,7,16,33,31,33,0,0,0
6050,0.160735,0,0,0,0,0,0,0,0,0,210,60,0,1,29,40,38,22,0,0,0
6060,0.193875,0,0,0,0,0,0,0,0,0,182,53,0,0,49,55,46,15,0,0,0
6070,0.218924,0,0,0,0,0,0,0,0,0,183,36,0,0,49,61,35,36,0,0,0
6080,0.189234,0,0,0,0,0,0,0,0,0,203,33,0,0,61,55,19,29,0,0,0
6090,0.203444,0,0,0,0,0,0,0,0,0,189,42,0,0,61,44,21,41,2,0,0
6100,0.202839,0,0,0,0,0,0,0,0,0,209,37,0,0,27,41,25,61,0,0,0
6110,0.240483,0,0,0,0,0,0,0,0,0,187,32,0,0,42,33,26,79,1,0,0
6120,0.199553,0,0,0,0,0,0,0,0,0,200,50,0,0,35,23,30,60,2,0,0
6130,0.245073,0,0,0,0,0,0,0,0,0,191,34,0,1,29,26,27,79,13,0,0
6140,0.235017,0,0,0,0,0,0,0,0,0,199,45,0,0,16,9,9,114,8,0,0
6150,0.267347,0,0,0,0,0,0,0,0,0,178,42,0,2,7,19,46,94,12,0,0
6160,0.246353,0,0,0,0,0,0,0,0,0,202,37,0,4,6,5,32,99,14,1,0
6170,0.212038,0,0,0,0,0,0,0,0,0,213,36,0,17,6,21,28,61,16,2,0
6180,0.266004,0,0,0,0,0,0,0,0,0,176,31,0,31,14,20,27,61,33,7,0
6190,0.229181,0,0,0,0,0,0,0,0,0,184,48,3,26,19,15,19,54,23,9,0
6200,0.236144,0,0,0,0,0,0,0,0,0,203,39,0,11,9,11,29,63,29,6,0
6210,0.231187,0,0,0,0,0,0,0,0,0,204,38,0,12,20,13,11,71,22,9,0
6220,0.203241,0,0,0,0,0,0,0,0,0,209,53,0,14,14,13,7,46,39,5,0
6230,0.216008,0,0,0,0,0,0,0,0,0,213,48,0,7,0,6,27,66,31,2,0
6240,0.263985,0,0,0,0,0,0,0,0,0,190,47,0,0,0,19,33,57,40,14,0
6250,0.29704,0,0,0,0,0,0,0,0,0,180,36,0,0,0,13,49,63,46,13,0
6260,0.304917,0,0,0,0,0,0,0,0,0,180,29,0,0,0,5,64,72,41,9,0
6270,0.23627,0,0,0,0,0,0,0,0,0,205,40,0,0,0,5,76,51,22,1,0
6280,0.25312,0,0,0,0,0,0,0,0,0,186,44,0,0,0,8,86,73,3,0,0
6290,0.236712,0,0,0,0,0,0,0,0,0,201,38,0,0,0,1,93,67,0,0,0
6300,0.23848,0,0,0,0,0,0,0,0,0,191,48,0,0,0,1,88,72,0,0,0
6310,0.264567,0,0,0,0,0,0,0,0,0,184,39,0,0,0,2,91,83,1,0,0
6320,0.250985,0,0,0,0,0,0,0,0,0,195,38,0,0,0,6,82,68,11,0,0
6330,0.255606,0,0,0,0,0,0,0,0,0,193,39,0,0,0,5,72,75,16,0,0
6340,0.248799,0,0,0,0,0,0,0,0,0,195,44,0,0,0,8,59,75,19,0,0
6350,0.259708,0,0,0,0,0,0,0,0,0,201,29,0,0,0,6,71,78,15,0,0
6360,0.256196,0,0,0,0,0,0,0,0,0,188,45,0,0,0,2,75,74,16,0,0
6370,0.243961,0,0,0,0,0,0,0,0,0,196,39,0,0,0,5,92,62,6,0,0
6380,0.224469,0,0,0,0,0,0,0,0,0,202,41,0,0,0,6,108,36,7,0,0
6390,0.195138,0,0,0,0,0,0,0,0,0,208,50,0,0,0,27,95,12,8,0,0
6400,0.207465,0,0,0,0,0,0,0,0,0,190,55,0,0,0,28,117,10,0,0,0
6410,0.194905,0,0,0,0,0,0,0,0,0,220,35,0,0,0,23,107,15,0,0,0
6420,0.209976,0,0,0,0,0,0,0,0,0,199,43,0,0,0,41,104,13,0,0,0
6430,0.226659,0,0,0,0,0,0,0,0,0,189,44,0,0,0,35,119,13,0,0,0
6440,0.245241,0,0,0,0,0,0,0,0,0,183,39,0,0,0,49,85,44,0,0,0
6450,0.228064,0,0,0,0,0,0,0,0,0,199,29,0,0,0,63,82,27,0,0,0
6460,0.2246,0,0,0,0,0,0,0,0,0,199,38,0,0,0,38,85,40,0,0,0
6470,0.241356,0,0,0,0,0,0,0,0,0,192,35,0,0,5,27,92,49,0,0,0
6480,0.266172,0,0,0,0,0,0,0,0,0,175,32,0,0,3,36,114,40,0,0,0
6490,0.204636,0,0,0,0,0,0,0,0,0,198,55,0,0,0,25,95,26,1,0,0
6500,0.226222,0,0,0,0,0,0,0,0,0,205,36,0,0,0,27,71,58,3,0,0
6510,0.238976,0,0,0,0,0,0,0,0,0,187,47,0,0,1,14,95,49,7,0,0
6520,0.206744,0,0,0,0,0,0,0,0,0,198,57,0,0,0,13,104,16,12,0,0
6530,0.19938,0,0,0,0,0,0,0,0,0,216,39,0,0,0,23,99,18,5,0,0
6540,0.261839,0,0,0,0,0,0,0,0,0,174,37,0,0,2,25,141,17,4,0,0
6550,0.221354,0,0,0,0,0,0,0,0,0,191,39,0,0,11,60,68,31,0,0,0
6560,0.21557,0,0,0,0,0,0,0,0,0,199,28,0,0,10,99,31,33,0,0,0
6570,0.204163,0,0,0,0,0,0,0,0,0,184,46,0,0,35,75,43,17,0,0,0
6580,0.191856,0,0,0,0,0,0,0,0,0,190,35,0,0,69,79,14,10,3,0,0
6590,0.253708,0,0,0,0,0,0,0,0,0,164,22,0,0,56,101,15,33,9,0,0
6600,0.200672,0,0,0,0,0,0,0,0,0,200,30,0,1,53,68,12,20,16,0,0
6610,0.239604,0,0,0,0,0,0,0,0,0,185,34,0,6,30,59,16,38,32,0,0
6620,0.25341,0,0,0,0,0,0,0,0,0,179,39,0,6,19,47,33,33,43,1,0
6630,0.257073,0,0,0,0,0,0,0,0,0,175,46,0,0,7,47,53,44,26,2,0
6640,0.201502,0,0,0,0,0,0,0,0,0,192,48,0,0,17,39,95,5,4,0,0
6650,0.181204,0,0,0,0,0,0,0,0,0,203,51,0,0,7,62,76,1,0,0,0
6660,0.220765,0,0,0,0,0,0,0,0,0,186,38,0,0,4,88,76,6,2,0,0
6670,0.240143,0,0,0,0,0,0,0,0,0,170,31,0,0,14,103,82,0,0,0,0
6680,0.200163,0,0,0,0,0,0,0,0,0,201,31,0,0,6,108,54,0,0,0,0
6690,0.216969,0,0,0,0,0,0,0,0,0,175,46,0,0,6,123,40,10,0,0,0
6700,0.214229,0,0,0,0,0,0,0,0,0,177,45,0,0,11,120,31,16,0,0,0
6710,0.19754,0,0,0,0,0,0,0,0,0,194,36,0,0,17,128,21,4,0,0,0
6720,0.235912,0,0,0,0,0,0,0,0,0,168,31,0,0,15,141,42,3,0,0,0
6730,0.196053,0,0,0,0,0,0,0,0,0,206,28,0,0,13,106,46,1,0,0,0
6740,0.215915,0,0,0,0,0,0,0,0,0,183,38,0,0,9,107,63,0,0,0,0
6750,0.214427,0,0,0,0,0,0,0,0,0,188,38,0,0,17,78,70,9,0,0,0
6760,0.234422,0,0,0,0,0,0,0,0,0,174,38,0,0,19,75,84,9,1,0,0
6770,0.242893,0,0,0,0,0,0,0,0,0,176,33,0,0,15,68,96,12,0,0,0
6780,0.207301,0,0,0,0,0,0,0,0,0,204,33,0,0,2,73,80,8,0,0,0
6790,0.233306,0,0,0,0,0,0,0,0,0,190,30,0,0,0,70,101,9,0,0,0
6800,0.241148,0,0,0,0,0,0,0,0,0,184,32,0,0,0,68,100,16,0,0,0
6810,0.228334,0,0,0,0,0,0,0,0,0,189,37,0,0,4,41,116,13,0,0,0
6820,0.201091,0,0,0,0,0,0,0,0,0,207,41,0,0,0,43,94,15,0,0,0
6830,0.213768,0,0,0,0,0,0,0,0,0,214,29,0,0,0,23,126,8,0,0,0
6840,0.23158,0,0,0,0,0,0,0,0,0,202,33,0,0,0,11,135,19,0,0,0
6850,0.234336,0,0,0,0,0,0,0,0,0,189,45,0,0,0,8,124,34,0,0,0
6860,0.234167,0,0,0,0,0,0,0,0,0,192,41,0,0,0,9,114,44,0,0,0
6870,0.252593,0,0,0,0,0,0,0,0,0,175,38,0,0,0,42,118,27,0,0,0
6880,0.204625,0,0,0,0,0,0,0,0,0,204,44,0,0,2,46,74,30,0,0,0
6890,0.25551,0,0,0,0,0,0,0,0,0,181,27,0,0,10,53,80,49,0,0,0
6900,0.253328,0,0,0,0,0,0,0,0,0,181,36,0,0,2,40,80,61,0,0,0
6910,0.25201,0,0,0,0,0,0,0,0,0,188,30,0,0,7,45,66,58,6,0,0
6920,0.233938,0,0,0,0,0,0,0,0,0,189,38,0,0,9,55,56,45,8,0,0
6930,0.273466,0,0,0,0,0,0,0,0,0,174,26,0,0,0,65,78,55,2,0,0
6940,0.255275,0,0,0,0,0,0,0,0,0,185,30,0,0,4,48,81,52,0,0,0
6950,0.245393,0,0,0,0,0,0,0,0,0,180,39,0,0,6,39,104,32,0,0,0
6960,0.247344,0,0,0,0,0,0,0,0,0,177,38,0,0,3,48,106,28,0,0,0
6970,0.231142,0,0,0,0,0,0,0,0,0,193,33,0,0,0,68,81,25,0,0,0
6980,0.208439,0,0,0,0,0,0,0,0,0,193,50,0,0,0,44,104,9,0,0,0
6990,0.240159,0,0,0,0,0,0,0,0,0,182,33,0,0,7,64,98,16,0,0,0
7000,0.237596,0,0,0,0,0,0,0,0,0,177,45,0,0,2,52,102,21,1,0,0
7010,0.209086,0,0,0,0,0,0,0,0,0,193,49,0,0,2,40,102,14,0,0,0
7020,0.248335,0,0,0,0,0,0,0,0,0,167,49,0,0,1,31,122,30,0,0,0
7030,0.262654,0,0,0,0,0,0,0,0,0,181,26,0,0,0,53,98,41,1,0,0
7040,0.218098,0,0,0,0,0,0,0,0,0,190,44,0,0,0,70,71,25,0,0,0
7050,0.220889,0,0,0,0,0,0,0,0,0,200,33,0,0,0,55,89,23,0,0,0
7060,0.216607,0,0,0,0,0,0,0,0,0,196,41,0,0,0,59,68,36,0,0,0
7070,0.244531,0,0,0,0,0,0,0,0,0,175,36,0,0,16,66,65,42,0,0,0
7080,0.216616,0,0,0,0,0,0,0,0,0,186,40,0,0,31,41,96,6,0,0,0
7090,0.222984,0,0,0,0,0,0,0,0,0,190,37,0,0,39,25,77,32,0,0,0
7100,0.211505,0,0,0,0,0,0,0,0,0,202,40,0,0,15,33,81,29,0,0,0
7110,0.237466,0,0,0,0,0,0,0,0,0,184,31,0,0,27,48,74,35,1,0,0
7120,0.222446,0,0,0,0,0,0,0,0,0,189,36,0,0,12,77,63,23,0,0,0
7130,0.244454,0,0,0,0,0,0,0,0,0,175,37,0,0,3,87,67,31,0,0,0
7140,0.265871,0,0,0,0,0,0,0,0,0,182,19,0,0,5,68,75,51,0,0,0
7150,0.288199,0,0,0,0,0,0,0,0,0,158,27,0,0,6,60,94,55,0,0,0
7160,0.310763,0,0,0,0,0,0,0,0,0,153,15,0,0,18,64,94,56,0,0,0
7170,0.27825,0,0,0,0,0,0,0,0,0,168,21,0,0,12,56,108,35,0,0,0
7180,0.235946,0,0,0,0,0,0,0,0,0,178,28,0,2,47,44,84,14,3,0,0
7190,0.235115,0,0,0,0,0,0,0,0,0,156,28,0,6,78,69,62,1,0,0,0
7200,0.20758,0,0,0,0,0,0,0,0,0,184,32,0,6,35,95,48,0,0,0,0
7210,0.225022,0,0,0,0,0,0,0,0,0,164,29,0,2,71,88,46,0,0,0,0
7220,0.209666,0,0,0,0,0,0,0,0,0,171,33,0,7,84,69,29,7,0,0,0
7230,0.224347,0,0,0,0,0,0,0,0,0,166,22,0,19,60,94,30,9,0,0,0
7240,0.223914,0,0,0,0,0,0,0,0,0,174,17,0,12,45,123,28,1,0,0,0
7250,0.218695,0,0,0,0,0,0,0,0,0,171,20,0,27,43,98,41,0,0,0,0
7260,0.216264,0,0,0,0,0,0,0,0,0,176,21,0,19,62,68,53,1,0,0,0
7270,0.181744,0,0,0,0,0,0,0,0,0,180,33,0,25,76,75,11,0,0,0,0
7280,0.19282,0,0,0,0,0,0,0,0,0,172,28,0,39,69,74,18,0,0,0,0
7290,0.179438,0,0,0,0,0,0,0,0,0,170,29,0,63,87,44,7,0,0,0,0
7300,0.170466,0,0,0,0,0,0,0,0,0,173,25,0,88,60,53,1,0,0,0,0
7310,0.170526,0,0,0,0,0,0,0,0,0,170,28,2,81,67,52,0,0,0,0,0
7320,0.206209,0,0,0,0,0,0,0,0,0,158,20,0,61,64,92,5,0,0,0,0
7330,0.186742,0,0,0,0,0,0,0,0,0,160,27,0,71,75,66,1,0,0,0,0
7340,0.167773,0,0,0,0,0,0,0,0,0,168,26,0,96,70,36,4,0,0,0,0
7350,0.170244,0,0,0,0,0,0,0,0,0,167,24,2,97,60,45,5,0,0,0,0
7360,0.188436,0,0,0,0,0,0,0,0,0,161,12,1,101,66,43,16,0,0,0,0
7370,0.184829,0,0,0,0,0,0,0,0,0,141,18,4,155,48,21,13,0,0,0,0
7380,0.190805,0,0,0,0,0,0,0,0,0,155,19,7,104,55,26,34,0,0,0,0
7390,0.163684,0,0,0,0,0,0,0,0,0,176,33,2,73,67,26,23,0,0,0,0
7400,0.173511,0,0,0,0,0,0,0,0,0,162,23,0,97,95,6,17,0,0,0,0
7410,0.173716,0,0,0,0,0,0,0,0,0,167,28,1,75,98,4,27,0,0,0,0
7420,0.179767,0,0,0,0,0,0,0,0,0,166,19,0,58,132,12,13,0,0,0,0
7430,0.163161,0,0,0,0,0,0,0,0,0,177,26,0,51,138,5,3,0,0,0,0
7440,0.149182,0,0,0,0,0,0,0,0,0,180,40,1,51,115,9,4,0,0,0,0
7450,0.215043,0,0,0,0,0,0,0,0,0,128,14,3,46,206,3,0,0,0,0,0
7460,0.1834,0,0,0,0,0,0,0,0,0,165,20,0,37,161,17,0,0,0,0,0
7470,0.165849,0,0,0,0,0,0,0,0,0,166,34,0,52,137,11,0,0,0,0,0
7480,0.138428,0,0,0,0,0,0,0,0,0,191,41,0,48,111,9,0,0,0,0,0
7490,0.152217,0,0,0,0,0,0,0,0,0,190,31,0,56,86,37,0,0,0,0,0
7500,0.157229,0,0,0,0,0,0,0,0,0,195,28,0,41,87,49,0,0,0,0,0
7510,0.211781,0,0,0,0,0,0,0,0,0,149,27,0,23,105,96,0,0,0,0,0
7520,0.182349,0,0,0,0,0,0,0,0,0,177,28,0,25,98,72,0,0,0,0,0
7530,0.180843,0,0,0,0,0,0,0,0,0,171,37,0,18,97,77,0,0,0,0,0
7540,0.15008,0,0,0,0,0,0,0,0,0,209,30,4,8,93,56,0,0,0,0,0
7550,0.186976,0,0,0,0,0,0,0,0,0,169,26,0,21,129,54,1,0,0,0,0
7560,0.181826,0,0,0,0,0,0,0,0,0,179,25,0,10,137,42,7,0,0,0,0
7570,0.155018,0,0,0,0,0,0,0,0,0,194,37,0,7,133,29,0,0,0,0,0
7580,0.183751,0,0,0,0,0,0,0,0,0,170,29,0,19,137,43,2,0,0,0,0
7590,0.169175,0,0,0,0,0,0,0,0,0,190,31,0,10,109,52,8,0,0,0,0
7600,0.173622,0,0,0,0,0,0,0,0,0,182,29,0,18,115,52,4,0,0,0,0
7610,0.15909,0,0,0,0,0,0,0,0,0,203,24,0,10,109,52,2,0,0,0,0
7620,0.155111,0,0,0,0,0,0,0,0,0,194,28,0,11,136,31,0,0,0,0,0
7630,0.138089,0,0,0,0,0,0,0,0,0,186,50,0,34,112,18,0,0,0,0,0
7640,0.17083,0,0,0,0,0,0,0,0,0,176,27,0,30,135,32,0,0,0,0,0
7650,0.150319,0,0,0,0,0,0,0,0,0,181,45,0,56,70,48,0,0,0,0,0
7660,0.167467,0,0,0,0,0,0,0,0,0,162,44,0,68,81,45,0,0,0,0,0
7670,0.12183,0,0,0,0,0,0,0,0,0,206,41,1,71,64,17,0,0,0,0,0
7680,0.144001,0,0,0,0,0,0,0,0,0,197,34,0,65,67,35,2,0,0,0,0
7690,0.141926,0,0,0,0,0,0,0,0,0,180,42,1,80,73,23,1,0,0,0,0
7700,0.126507,0,0,0,0,0,0,0,0,0,204,43,2,49,77,25,0,0,0,0,0
7710,0.147121,0,0,0,0,0,0,0,0,0,192,38,1,62,48,57,2,0,0,0,0
7720,0.118095,0,0,0,0,0,0,0,0,0,216,50,1,59,21,42,11,0,0,0,0
7730,0.180995,0,0,0,0,0,0,0,0,0,172,26,2,83,32,60,25,0,0,0,0
7740,0.156563,0,0,0,0,0,0,0,0,0,200,40,1,34,49,45,31,0,0,0,0
7750,0.16023,0,0,0,0,0,0,0,0,0,191,41,0,52,45,38,33,0,0,0,0
7760,0.171931,0,0,0,0,0,0,0,0,0,194,24,0,59,54,32,37,0,0,0,0
7770,0.150793,0,0,0,0,0,0,0,0,0,192,42,2,51,68,14,30,1,0,0,0
7780,0.151014,0,0,0,0,0,0,0,0,0,200,27,1,63,69,11,29,0,0,0,0
7790,0.169704,0,0,0,0,0,0,0,0,0,173,35,1,61,97,0,30,3,0,0,0
7800,0.179068,0,0,0,0,0,0,0,0,0,168,25,0,71,105,7,18,6,0,0,0
7810,0.165013,0,0,0,0,0,0,0,0,0,165,25,2,91,102,11,4,0,0,0,0
7820,0.16882,0,0,0,0,0,0,0,0,0,171,21,0,92,90,20,6,0,0,0,0
7830,0.145653,0,0,0,0,0,0,0,0,0,191,33,0,61,87,27,1,0,0,0,0
7840,0.137925,0,0,0,0,0,0,0,0,0,196,44,1,39,98,22,0,0,0,0,0
7850,0.152072,0,0,0,0,0,0,0,0,0,182,44,0,49,75,50,0,0,0,0,0
7860,0.138674,0,0,0,0,0,0,0,0,0,200,38,0,43,87,32,0,0,0,0,0
7870,0.130316,0,0,0,0,0,0,0,0,0,216,32,0,41,86,25,0,0,0,0,0
7880,0.137943,0,0,0,0,0,0,0,0,0,201,42,0,35,90,30,2,0,0,0,0
7890,0.149313,0,0,0,0,0,0,0,0,0,176,59,0,39,86,37,3,0,0,0,0
7900,0.179855,0,0,0,0,0,0,0,0,0,164,41,1,14,132,45,3,0,0,0,0
7910,0.171196,0,0,0,0,0,0,0,0,0,184,35,0,13,95,73,0,0,0,0,0
7920,0.178768,0,0,0,0,0,0,0,0,0,181,31,0,17,88,82,1,0,0,0,0
7930,0.165695,0,0,0,0,0,0,0,0,0,187,42,0,16,79,75,1,0,0,0,0
7940,0.188389,0,0,0,0,0,0,0,0,0,171,47,0,12,57,111,2,0,0,0,0
7950,0.188471,0,0,0,0,0,0,0,0,0,174,43,0,18,52,103,10,0,0,0,0
7960,0.181491,0,0,0,0,0,0,0,0,0,189,41,0,8,29,122,11,0,0,0,0
7970,0.201918,0,0,0,0,0,0,0,0,0,168,33,0,22,63,94,20,0,0,0,0
7980,0.209161,0,0,0,0,0,0,0,0,0,165,28,0,21,85,80,21,0,0,0,0
7990,0.191902,0,0,0,0,0,0,0,0,0,168,36,0,20,92,77,7,0,0,0,0
8000,0.182421,0,0,0,0,0,0,0,0,0,183,36,2,14,77,76,12,0,0,0,0
8010,0.177134,0,0,0,0,0,0,0,0,0,180,45,1,6,73,77,18,0,0,0,0
8020,0.183797,0,0,0,0,0,0,0,0,0,185,38,0,28,40,67,42,0,0,0,0
8030,0.183391,0,0,0,0,0,0,0,0,0,204,30,0,8,58,43,56,1,0,0,0
8040,0.188069,0,0,0,0,0,0,0,0,0,214,26,0,3,33,41,83,0,0,0,0
8050,0.192895,0,0,0,0,0,0,0,0,0,198,37,0,4,25,70,66,0,0,0,0
8060,0.200504,0,0,0,0,0,0,0,0,0,183,43,0,4,11,115,44,0,0,0,0
8070,0.217045,0,0,0,0,0,0,0,0,0,186,30,0,2,27,88,58,9,0,0,0
8080,0.219434,0,0,0,0,0,0,0,0,0,174,38,0,0,43,64,72,9,0,0,0
8090,0.21093,0,0,0,0,0,0,0,0,0,185,34,0,0,42,74,48,17,0,0,0
8100,0.209084,0,0,0,0,0,0,0,0,0,190,26,0,0,63,61,58,2,0,0,0
8110,0.192659,0,0,0,0,0,0,0,0,0,190,41,0,0,38,77,52,2,0,0,0
8120,0.222712,0,0,0,0,0,0,0,0,0,172,31,0,7,60,55,73,2,0,0,0
8130,0.205928,0,0,0,0,0,0,0,0,0,172,33,0,6,102,49,29,9,0,0,0
8140,0.190114,0,0,0,0,0,0,0,0,0,186,40,0,3,73,61,15,22,0,0,0
8150,0.202074,0,0,0,0,0,0,0,0,0,166,35,0,19,93,58,15,14,0,0,0
8160,0.187852,0,0,0,0,0,0,0,0,0,176,22,0,34,121,21,12,14,0,0,0
8170,0.189547,0,0,0,0,0,0,0,0,0,183,25,0,32,108,14,6,29,3,0,0
8180,0.165737,0,0,0,0,0,0,0,0,0,193,26,0,39,99,27,3,11,2,0,0
8190,0.198986,0,0,0,0,0,0,0,0,0,176,27,0,37,100,13,14,33,0,0,0
8200,0.216896,0,0,0,0,0,0,0,0,0,164,26,2,51,83,9,11,50,4,0,0
8210,0.204923,0,0,0,0,0,0,0,0,0,176,25,6,44,91,4,7,22,25,0,0
8220,0.183856,0,0,0,0,0,0,0,0,0,175,35,1,50,99,0,8,11,21,0,0
8230,0.172425,0,0,0,0,0,0,0,0,0,164,34,0,73,102,13,3,7,4,0,0
8240,0.156439,0,0,0,0,0,0,0,0,0,164,35,1,80,113,6,1,0,0,0,0
8250,0.155853,0,0,0,0,0,0,0,0,0,170,37,2,61,122,3,5,0,0,0,0
8260,0.159124,0,0,0,0,0,0,0,0,0,178,23,1,69,119,6,4,0,0,0,0
8270,0.162138,0,0,0,0,0,0,0,0,0,173,30,2,48,121,26,0,0,0,0,0
8280,0.17198,0,0,0,0,0,0,0,0,0,168,24,3,85,80,40,0,0,0,0,0
8290,0.182534,0,0,0,0,0,0,0,0,0,167,27,0,52,104,50,0,0,0,0,0
8300,0.191101,0,0,0,0,0,0,0,0,0,172,30,0,47,54,83,14,0,0,0,0
8310,0.185944,0,0,0,0,0,0,0,0,0,166,34,0,56,59,78,7,0,0,0,0
8320,0.194137,0,0,0,0,0,0,0,0,0,156,19,0,65,115,44,1,0,0,0,0
8330,0.169992,0,0,0,0,0,0,0,0,0,168,28,0,65,102,37,0,0,0,0,0
8340,0.176126,0,0,0,0,0,0,0,0,0,182,18,0,65,75,59,1,0,0,0,0
8350,0.194152,0,0,0,0,0,0,0,0,0,173,13,0,50,78,80,6,0,0,0,0
8360,0.176429,0,0,0,0,0,0,0,0,0,181,28,2,44,73,66,6,0,0,0,0
8370,0.21367,0,0,0,0,0,0,0,0,0,152,17,0,55,95,72,9,0,0,0,0
8380,0.199933,0,0,0,0,0,0,0,0,0,160,19,0,59,85,75,2,0,0,0,0
8390,0.190339,0,0,0,0,0,0,0,0,0,162,23,2,62,75,76,0,0,0,0,0
8400,0.193943,0,0,0,0,0,0,0,0,0,169,20,0,30,108,73,0,0,0,0,0
8410,0.17569,0,0,0,0,0,0,0,0,0,173,39,0,24,97,66,1,0,0,0,0
8420,0.198466,0,0,0,0,0,0,0,0,0,155,29,0,31,99,86,0,0,0,0,0
8430,0.201922,0,0,0,0,0,0,0,0,0,162,21,1,31,99,84,2,0,0,0,0
8440,0.196212,0,0,0,0,0,0,0,0,0,159,26,3,38,96,78,0,0,0,0,0
8450,0.176939,0,0,0,0,0,0,0,0,0,166,22,7,53,134,18,0,0,0,0,0
8460,0.173019,0,0,0,0,0,0,0,0,0,166,30,0,52,119,33,0,0,0,0,0
8470,0.181943,0,0,0,0,0,0,0,0,0,159,19,4,82,95,39,2,0,0,0,0
8480,0.188856,0,0,0,0,0,0,0,0,0,148,30,4,68,95,53,2,0,0,0,0
8490,0.212897,0,0,0,0,0,0,0,0,0,150,16,1,45,110,78,0,0,0,0,0
8500,0.1933,0,0,0,0,0,0,0,0,0,176,20,0,37,80,85,2,0,0,0,0
8510,0.210902,0,0,0,0,0,0,0,0,0,164,19,0,35,75,103,4,0,0,0,0
8520,0.191957,0,0,0,0,0,0,0,0,0,178,17,0,39,83,70,13,0,0,0,0
8530,0.194775,0,0,0,0,0,0,0,0,0,161,32,0,37,81,88,1,0,0,0,0
8540,0.189649,0,0,0,0,0,0,0,0,0,165,28,0,49,80,74,4,0,0,0,0
8550,0.199737,0,0,0,0,0,0,0,0,0,165,19,2,56,65,73,20,0,0,0,0
8560,0.197284,0,0,0,0,0,0,0,0,0,166,15,0,77,57,61,24,0,0,0,0
8570,0.177272,0,0,0,0,0,0,0,0,0,172,20,6,93,37,46,26,0,0,0,0
8580,0.17755,0,0,0,0,0,0,0,0,0,163,19,1,121,40,29,27,0,0,0,0
8590,0.219512,0,0,0,0,0,0,0,0,0,143,12,0,129,18,38,60,0,0,0,0
8600,0.191964,0,0,0,0,0,0,0,0,0,159,16,3,130,19,35,38,0,0,0,0
8610,0.179053,0,0,0,0,0,0,0,0,0,161,29,2,113,33,33,29,0,0,0,0
8620,0.181076,0,0,0,0,0,0,0,0,0,172,19,1,112,42,23,26,5,0,0,0
8630,0.161887,0,0,0,0,0,0,0,0,0,166,25,3,113,69,13,10,1,0,0,0
8640,0.16019,0,0,0,0,0,0,0,0,0,165,25,10,118,56,16,3,7,0,0,0
8650,0.138073,0,0,0,0,0,0,0,0,0,181,27,4,133,43,6,0,6,0,0,0
8660,0.128716,0,0,0,0,0,0,0,0,0,189,28,3,114,62,3,0,1,0,0,0
8670,0.142288,0,0,0,0,0,0,0,0,0,183,20,0,118,75,2,0,2,0,0,0
8680,0.151969,0,0,0,0,0,0,0,0,0,173,19,1,103,104,0,0,0,0,0,0
8690,0.152023,0,0,0,0,0,0,0,0,0,165,30,7,81,116,1,0,0,0,0,0
8700,0.15587,0,0,0,0,0,0,0,0,0,168,28,0,88,115,1,0,0,0,0,0
8710,0.139997,0,0,0,0,0,0,0,0,0,185,27,2,99,80,7,0,0,0,0,0
8720,0.134194,0,0,0,0,0,0,0,0,0,179,16,4,157,44,0,0,0,0,0,0
8730,0.139559,0,0,0,0,0,0,0,0,0,169,29,5,136,61,0,0,0,0,0,0
8740,0.138082,0,0,0,0,0,0,0,0,0,183,34,3,95,72,13,0,0,0,0,0
8750,0.128034,0,0,0,0,0,0,0,0,0,188,53,2,71,65,19,2,0,0,0,0
8760,0.149733,0,0,0,0,0,0,0,0,0,168,29,2,103,95,3,0,0,0,0,0
8770,0.14197,0,0,0,0,0,0,0,0,0,187,26,2,84,101,0,0,0,0,0,0
8780,0.14398,0,0,0,0,0,0,0,0,0,184,34,0,75,98,9,0,0,0,0,0
8790,0.164942,0,0,0,0,0,0,0,0,0,169,27,0,71,121,12,0,0,0,0,0
8800,0.16458,0,0,0,0,0,0,0,0,0,164,30,0,78,114,14,0,0,0,0,0
8810,0.175754,0,0,0,0,0,0,0,0,0,164,22,2,76,88,48,0,0,0,0,0
8820,0.158984,0,0,0,0,0,0,0,0,0,163,28,2,97,86,24,0,0,0,0,0
8830,0.15982,0,0,0,0,0,0,0,0,0,162,25,3,112,82,16,0,0,0,0,0
8840,0.150991,0,0,0,0,0,0,0,0,0,179,28,2,73,104,14,0,0,0,0,0
8850,0.163287,0,0,0,0,0,0,0,0,0,173,23,2,77,100,25,0,0,0,0,0
8860,0.133094,0,0,0,0,0,0,0,0,0,183,42,2,92,73,8,0,0,0,0,0
8870,0.133552,0,0,0,0,0,0,0,0,0,181,35,1,118,64,1,0,0,0,0,0
8880,0.141353,0,0,0,0,0,0,0,0,0,176,29,0,135,40,20,0,0,0,0,0
8890,0.153988,0,0,0,0,0,0,0,0,0,160,31,2,126,58,23,0,0,0,0,0
8900,0.143074,0,0,0,0,0,0,0,0,0,186,35,4,83,55,37,0,0,0,0,0
8910,0.156209,0,0,0,0,0,0,0,0,0,177,32,4,79,70,38,0,0,0,0,0
8920,0.15766,0,0,0,0,0,0,0,0,0,180,29,2,78,84,27,0,0,0,0,0
8930,0.157838,0,0,0,0,0,0,0,0,0,190,19,0,73,80,36,2,0,0,0,0
8940,0.152486,0,0,0,0,0,0,0,0,0,189,33,0,61,73,29,15,0,0,0,0
8950,0.179656,0,0,0,0,0,0,0,0,0,176,29,2,64,42,66,21,0,0,0,0
8960,0.182322,0,0,0,0,0,0,0,0,0,174,38,0,53,49,43,43,0,0,0,0
8970,0.211908,0,0,0,0,0,0,0,0,0,170,18,0,55,63,32,61,1,0,0,0
8980,0.177869,0,0,0,0,0,0,0,0,0,189,41,1,35,51,23,54,6,0,0,0
8990,0.171679,0,0,0,0,0,0,0,0,0,182,38,1,59,64,9,31,16,0,0,0
9000,0.160175,0,0,0,0,0,0,0,0,0,166,38,0,112,48,18,11,7,0,0,0
9010,0.141855,0,0,0,0,0,0,0,0,0,192,37,0,97,43,8,23,0,0,0,0
9020,0.162291,0,0,0,0,0,0,0,0,0,191,36,1,62,36,42,32,0,0,0,0
9030,0.147525,0,0,0,0,0,0,0,0,0,190,46,0,75,25,40,21,3,0,0,0
9040,0.132106,0,0,0,0,0,0,0,0,0,196,53,1,75,6,68,1,0,0,0,0
9050,0.150583,0,0,0,0,0,0,0,0,0,196,43,0,56,6,99,0,0,0,0,0
9060,0.126026,0,0,0,0,0,0,0,0,0,216,47,2,55,3,65,12,0,0,0,0
9070,0.128277,0,0,0,0,0,0,0,0,0,196,61,4,47,16,76,0,0,0,0,0
9080,0.145779,0,0,0,0,0,0,0,0,0,209,44,0,31,14,98,4,0,0,0,0
9090,0.13853,0,0,0,0,0,0,0,0,0,203,60,1,25,20,85,6,0,0,0,0
9100,0.143945,0,0,0,0,0,0,0,0,0,212,47,0,19,23,97,2,0,0,0,0
9110,0.169401,0,0,0,0,0,0,0,0,0,191,42,0,20,37,99,11,0,0,0,0
9120,0.154129,0,0,0,0,0,0,0,0,0,206,37,0,21,48,85,3,0,0,0,0
9130,0.17426,0,0,0,0,0,0,0,0,0,194,33,0,10,59,100,4,0,0,0,0
9140,0.151147,0,0,0,0,0,0,0,0,0,213,42,0,11,25,108,1,0,0,0,0
9150,0.151627,0,0,0,0,0,0,0,0,0,202,50,0,15,35,96,2,0,0,0,0
9160,0.166773,0,0,0,0,0,0,0,0,0,192,52,0,7,42,100,7,0,0,0,0
9170,0.18011,0,0,0,0,0,0,0,0,0,188,44,0,2,41,121,4,0,0,0,0
9180,0.167773,0,0,0,0,0,0,0,0,0,192,46,0,2,53,106,1,0,0,0,0
9190,0.186092,0,0,0,0,0,0,0,0,0,180,45,0,0,40,133,2,0,0,0,0
9200,0.167044,0,0,0,0,0,0,0,0,0,192,50,0,0,53,103,2,0,0,0,0
9210,0.189131,0,0,0,0,0,0,0,0,0,180,32,0,5,95,78,10,0,0,0,0
9220,0.159956,0,0,0,0,0,0,0,0,0,198,40,0,0,87,72,3,0,0,0,0
9230,0.156192,0,0,0,0,0,0,0,0,0,195,47,0,1,85,66,6,0,0,0,0
9240,0.180214,0,0,0,0,0,0,0,0,0,164,48,0,3,117,63,5,0,0,0,0
9250,0.165109,0,0,0,0,0,0,0,0,0,187,35,0,6,134,35,3,0,0,0,0
9260,0.17295,0,0,0,0,0,0,0,0,0,176,37,0,16,130,41,0,0,0,0,0
9270,0.149622,0,0,0,0,0,0,0,0,0,189,51,0,12,108,40,0,0,0,0,0
9280,0.147529,0,0,0,0,0,0,0,0,0,198,36,0,23,107,34,2,0,0,0,0
9290,0.152333,0,0,0,0,0,0,0,0,0,196,37,0,26,97,42,2,0,0,0,0
9300,0.16857,0,0,0,0,0,0,0,0,0,175,48,0,13,99,64,1,0,0,0,0
9310,0.14261,0,0,0,0,0,0,0,0,0,196,40,0,45,84,32,3,0,0,0,0
9320,0.11667,0,0,0,0,0,0,0,0,0,217,57,0,27,58,33,8,0,0,0,0
9330,0.183819,0,0,0,0,0,0,0,0,0,176,46,0,4,77,77,20,0,0,0,0
9340,0.145884,0,0,0,0,0,0,0,0,0,207,45,0,17,65,53,13,0,0,0,0
9350,0.144496,0,0,0,0,0,0,0,0,0,193,64,0,6,63,61,13,0,0,0,0
9360,0.162132,0,0,0,0,0,0,0,0,0,191,45,0,7,82,63,12,0,0,0,0
9370,0.153489,0,0,0,0,0,0,0,0,0,195,50,0,4,79,65,7,0,0,0,0
9380,0.147829,0,0,0,0,0,0,0,0,0,194,57,0,1,71,75,2,0,0,0,0
9390,0.172892,0,0,0,0,0,0,0,0,0,191,34,0,6,79,89,1,0,0,0,0
9400,0.170836,0,0,0,0,0,0,0,0,0,187,40,0,7,81,82,3,0,0,0,0
9410,0.143916,0,0,0,0,0,0,0,0,0,195,49,0,17,103,36,0,0,0,0,0
9420,0.165752,0,0,0,0,0,0,0,0,0,191,28,0,31,101,49,0,0,0,0,0
9430,0.155522,0,0,0,0,0,0,0,0,0,198,40,0,2,101,56,3,0,0,0,0
9440,0.136911,0,0,0,0,0,0,0,0,0,224,33,0,4,87,49,3,0,0,0,0
9450,0.137983,0,0,0,0,0,0,0,0,0,220,38,0,4,81,57,0,0,0,0,0
9460,0.14909,0,0,0,0,0,0,0,0,0,200,39,0,15,99,47,0,0,0,0,0
9470,0.148577,0,0,0,0,0,0,0,0,0,196,38,0,29,97,40,0,0,0,0,0
9480,0.132098,0,0,0,0,0,0,0,0,0,198,47,0,27,111,17,0,0,0,0,0
9490,0.128312,0,0,0,0,0,0,0,0,0,206,41,0,34,100,19,0,0,0,0,0
9500,0.129014,0,0,0,0,0,0,0,0,0,187,60,1,38,93,21,0,0,0,0,0
9510,0.14754,0,0,0,0,0,0,0,0,0,189,44,1,25,114,27,0,0,0,0,0
9520,0.131073,0,0,0,0,0,0,0,0,0,210,45,0,10,101,34,0,0,0,0,0
9530,0.122824,0,0,0,0,0,0,0,0,0,217,41,0,22,102,16,2,0,0,0,0
9540,0.135303,0,0,0,0,0,0,0,0,0,190,45,1,39,115,10,0,0,0,0,0
9550,0.167547,0,0,0,0,0,0,0,0,0,168,25,0,61,134,12,0,0,0,0,0
9560,0.154799,0,0,0,0,0,0,0,0,0,168,32,4,85,105,6,0,0,0,0,0
9570,0.154441,0,0,0,0,0,0,0,0,0,172,27,3,89,100,9,0,0,0,0,0
9580,0.149807,0,0,0,0,0,0,0,0,0,163,34,1,115,85,2,0,0,0,0,0
9590,0.153998,0,0,0,0,0,0,0,0,0,180,16,4,99,95,6,0,0,0,0,0
9600,0.141508,0,0,0,0,0,0,0,0,0,168,22,4,156,46,4,0,0,0,0,0
9610,0.147113,0,0,0,0,0,0,0,0,0,166,27,3,143,53,8,0,0,0,0,0
9620,0.133658,0,0,0,0,0,0,0,0,0,181,28,3,131,37,20,0,0,0,0,0
9630,0.12839,0,0,0,0,0,0,0,0,0,184,32,9,131,21,20,3,0,0,0,0
9640,0.126722,0,0,0,0,0,0,0,0,0,164,37,8,176,15,0,0,0,0,0,0
9650,0.121692,0,0,0,0,0,0,0,0,0,175,28,6,182,9,0,0,0,0,0,0
9660,0.109553,0,0,0,0,0,0,0,0,0,179,45,4,160,12,0,0,0,0,0,0
9670,0.112054,0,0,0,0,0,0,0,0,0,200,32,2,147,19,0,0,0,0,0,0
9680,0.126543,0,0,0,0,0,0,0,0,0,178,33,0,170,19,0,0,0,0,0,0
9690,0.118235,0,0,0,0,0,0,0,0,0,201,25,4,126,44,0,0,0,0,0,0
9700,0.125247,0,0,0,0,0,0,0,0,0,188,31,1,148,32,0,0,0,0,0,0
9710,0.148771,0,0,0,0,0,0,0,0,0,167,24,1,139,69,0,0,0,0,0,0
9720,0.144796,0,0,0,0,0,0,0,0,0,178,24,2,98,98,0,0,0,0,0,0
9730,0.151916,0,0,0,0,0,0,0,0,0,172,31,0,89,106,2,0,0,0,0,0
9740,0.150431,0,0,0,0,0,0,0,0,0,173,26,1,105,92,3,0,0,0,0,0
9750,0.171246,0,0,0,0,0,0,0,0,0,153,30,3,74,120,20,0,0,0,0,0
9760,0.147611,0,0,0,0,0,0,0,0,0,179,32,0,92,83,14,0,0,0,0,0
9770,0.149059,0,0,0,0,0,0,0,0,0,182,31,2,67,95,23,0,0,0,0,0
9780,0.145293,0,0,0,0,0,0,0,0,0,173,36,0,104,68,19,0,0,0,0,0
9790,0.122514,0,0,0,0,0,0,0,0,0,182,48,3,111,48,8,0,0,0,0,0
9800,0.144569,0,0,0,0,0,0,0,0,0,179,36,2,82,76,25,0,0,0,0,0
9810,0.16822,0,0,0,0,0,0,0,0,0,168,38,2,37,114,41,0,0,0,0,0
9820,0.170512,0,0,0,0,0,0,0,0,0,186,24,2,30,101,57,0,0,0,0,0
9830,0.175231,0,0,0,0,0,0,0,0,0,175,33,3,19,112,58,0,0,0,0,0
9840,0.145217,0,0,0,0,0,0,0,0,0,191,44,0,37,92,36,0,0,0,0,0
9850,0.172254,0,0,0,0,0,0,0,0,0,170,32,0,54,101,43,0,0,0,0,0
9860,0.177752,0,0,0,0,0,0,0,0,0,172,33,1,27,109,58,0,0,0,0,0
9870,0.189628,0,0,0,0,0,0,0,0,0,164,30,0,39,91,74,2,0,0,0,0
9880,0.180836,0,0,0,0,0,0,0,0,0,174,27,0,33,94,72,0,0,0,0,0
9890,0.169073,0,0,0,0,0,0,0,0,0,194,24,0,36,80,53,13,0,0,0,0
9900,0.19008,0,0,0,0,0,0,0,0,0,172,28,0,52,70,49,29,0,0,0,0
9910,0.152596,0,0,0,0,0,0,0,0,0,206,46,4,27,38,37,41,1,0,0,0
9920,0.18338,0,0,0,0,0,0,0,0,0,186,49,1,3,44,70,47,0,0,0,0
9930,0.192282,0,0,0,0,0,0,0,0,0,174,54,0,0,53,68,46,5,0,0,0
9940,0.208425,0,0,0,0,0,0,0,0,0,175,34,0,0,69,76,46,0,0,0,0
9950,0.228349,0,0,0,0,0,0,0,0,0,167,24,0,0,68,100,39,2,0,0,0
9960,0.223139,0,0,0,0,0,0,0,0,0,163,28,0,0,97,75,35,2,0,0,0
9970,0.218522,0,0,0,0,0,0,0,0,0,165,18,0,0,127,70,19,1,0,0,0
9980,0.21899,0,0,0,0,0,0,0,0,0,151,16,0,12,152,56,13,0,0,0,0
9990,0.197484,0,0,0,0,0,0,0,0,0,169,23,0,14,141,34,14,5,0,0,0
10000,0.192332,0,0,0,0,0,0,0,0,0,175,30,0,16,114,34,16,15,0,0,0
10010,0.191499,0,0,0,0,0,0,0,0,0,166,29,0,7,151,36,1,10,0,0,0
10020,0.230415,0,0,0,0,0,0,0,0,0,155,17,0,10,124,66,10,18,0,0,0
10030,0.204759,0,0,0,0,0,0,0,0,0,177,15,0,16,106,75,0,11,0,0,0
10040,0.19206,0,0,0,0,0,0,0,0,0,171,34,0,7,108,78,2,0,0,0,0
10050,0.20673,0,0,0,0,0,0,0,0,0,164,23,0,27,103,73,10,0,0,0,0
10060,0.193206,0,0,0,0,0,0,0,0,0,163,23,0,59,75,69,11,0,0,0,0
10070,0.181364,0,0,0,0,0,0,0,0,0,180,24,2,51,48,91,4,0,0,0,0
10080,0.208528,0,0,0,0,0,0,0,0,0,157,23,1,43,70,92,14,0,0,0,0
10090,0.201449,0,0,0,0,0,0,0,0,0,169,23,0,50,50,95,13,0,0,0,0
10100,0.196173,0,0,0,0,0,0,0,0,0,167,25,0,57,61,72,18,0,0,0,0
10110,0.189748,0,0,0,0,0,0,0,0,0,175,23,1,50,57,63,31,0,0,0,0
10120,0.160993,0,0,0,0,0,0,0,0,0,187,37,0,65,40,57,14,0,0,0,0
10130,0.183963,0,0,0,0,0,0,0,0,0,167,40,0,61,38,65,29,0,0,0,0
10140,0.179785,0,0,0,0,0,0,0,0,0,182,33,0,53,47,48,37,0,0,0,0
10150,0.188883,0,0,0,0,0,0,0,0,0,177,29,0,50,33,90,21,0,0,0,0
10160,0.172865,0,0,0,0,0,0,0,0,0,195,35,1,35,24,80,30,0,0,0,0
10170,0.178329,0,0,0,0,0,0,0,0,0,193,25,0,56,36,53,37,0,0,0,0
10180,0.182789,0,0,0,0,0,0,0,0,0,176,33,2,50,57,57,25,0,0,0,0
10190,0.150183,0,0,0,0,0,0,0,0,0,180,35,1,86,55,41,2,0,0,0,0
10200,0.140528,0,0,0,0,0,0,0,0,0,194,48,1,60,23,73,1,0,0,0,0
10210,0.131483,0,0,0,0,0,0,0,0,0,192,54,0,70,36,45,3,0,0,0,0
10220,0.162342,0,0,0,0,0,0,0,0,0,166,50,0,58,65,61,0,0,0,0,0
10230,0.145081,0,0,0,0,0,0,0,0,0,195,38,0,45,74,48,0,0,0,0,0
10240,0.117857,0,0,0,0,0,0,0,0,0,208,48,4,42,68,30,0,0,0,0,0
10250,0.131596,0,0,0,0,0,0,0,0,0,201,47,0,31,94,27,0,0,0,0,0
10260,0.16835,0,0,0,0,0,0,0,0,0,175,35,1,34,116,39,0,0,0,0,0
10270,0.154858,0,0,0,0,0,0,0,0,0,192,28,1,36,112,31,0,0,0,0,0
10280,0.182331,0,0,0,0,0,0,0,0,0,170,30,1,35,104,53,7,0,0,0,0
10290,0.16007,0,0,0,0,0,0,0,0,0,191,34,1,40,73,59,2,0,0,0,0
10300,0.156895,0,0,0,0,0,0,0,0,0,179,47,1,43,80,47,3,0,0,0,0
10310,0.169306,0,0,0,0,0,0,0,0,0,169,40,1,49,88,48,5,0,0,0,0
10320,0.154174,0,0,0,0,0,0,0,0,0,165,43,0,78,90,23,1,0,0,0,0
10330,0.135034,0,0,0,0,0,0,0,0,0,186,47,0,50,111,6,0,0,0,0,0
10340,0.164009,0,0,0,0,0,0,0,0,0,162,36,0,55,132,15,0,0,0,0,0
10350,0.15597,0,0,0,0,0,0,0,0,0,175,31,0,59,122,13,0,0,0,0,0
10360,0.145189,0,0,0,0,0,0,0,0,0,175,42,0,74,106,3,0,0,0,0,0
10370,0.132209,0,0,0,0,0,0,0,0,0,194,37,0,76,80,13,0,0,0,0,0
10380,0.12573,0,0,0,0,0,0,0,0,0,191,41,1,89,74,4,0,0,0,0,0
10390,0.114307,0,0,0,0,0,0,0,0,0,203,37,2,100,56,2,0,0,0,0,0
10400,0.121055,0,0,0,0,0,0,0,0,0,187,47,0,86,80,0,0,0,0,0,0
10410,0.136481,0,0,0,0,0,0,0,0,0,175,40,2,97,86,0,0,0,0,0,0
10420,0.150321,0,0,0,0,0,0,0,0,0,166,23,4,136,71,0,0,0,0,0,0
10430,0.157153,0,0,0,0,0,0,0,0,0,158,19,2,138,83,0,0,0,0,0,0
10440,0.134336,0,0,0,0,0,0,0,0,0,181,29,1,130,59,0,0,0,0,0,0
10450,0.1327,0,0,0,0,0,0,0,0,0,183,36,0,102,79,0,0,0,0,0,0
10460,0.124538,0,0,0,0,0,0,0,0,0,183,43,1,108,65,0,0,0,0,0,0
10470,0.129752,0,0,0,0,0,0,0,0,0,182,34,7,104,73,0,0,0,0,0,0
10480,0.121167,0,0,0,0,0,0,0,0,0,195,37,2,93,70,3,0,0,0,0,0
10490,0.173821,0,0,0,0,0,0,0,0,0,151,26,3,75,138,7,0,0,0,0,0
10500,0.16197,0,0,0,0,0,0,0,0,0,175,24,2,56,132,11,0,0,0,0,0
10510,0.190143,0,0,0,0,0,0,0,0,0,158,21,0,56,125,40,0,0,0,0,0
10520,0.181102,0,0,0,0,0,0,0,0,0,170,20,2,47,125,36,0,0,0,0,0
10530,0.193126,0,0,0,0,0,0,0,0,0,162,18,1,41,138,40,0,0,0,0,0
10540,0.1768,0,0,0,0,0,0,0,0,0,171,28,2,48,88,62,1,0,0,0,0
10550,0.203118,0,0,0,0,0,0,0,0,0,156,20,3,51,85,76,9,0,0,0,0
10560,0.201018,0,0,0,0,0,0,0,0,0,169,17,0,53,57,90,14,0,0,0,0
10570,0.193442,0,0,0,0,0,0,0,0,0,174,17,1,61,56,76,15,0,0,0,0
10580,0.174877,0,0,0,0,0,0,0,0,0,192,18,0,56,59,73,2,0,0,0,0
10590,0.148113,0,0,0,0,0,0,0,0,0,205,41,0,27,48,70,9,0,0,0,0
10600,0.165288,0,0,0,0,0,0,0,0,0,182,36,3,52,48,73,6,0,0,0,0
10610,0.159671,0,0,0,0,0,0,0,0,0,185,49,1,28,64,64,9,0,0,0,0
10620,0.157186,0,0,0,0,0,0,0,0,0,183,39,0,58,66,51,3,0,0,0,0
10630,0.151005,0,0,0,0,0,0,0,0,0,169,48,0,75,82,26,0,0,0,0,0
10640,0.147563,0,0,0,0,0,0,0,0,0,177,47,0,57,90,29,0,0,0,0,0
10650,0.144624,0,0,0,0,0,0,0,0,0,177,46,3,61,87,26,0,0,0,0,0
10660,0.129888,0,0,0,0,0,0,0,0,0,203,36,1,71,60,29,0,0,0,0,0
10670,0.14867,0,0,0,0,0,0,0,0,0,186,41,3,44,84,42,0,0,0,0,0
10680,0.114691,0,0,0,0,0,0,0,0,0,201,61,3,42,68,24,1,0,0,0,0
10690,0.126286,0,0,0,0,0,0,0,0,0,210,47,6,30,61,42,4,0,0,0,0
10700,0.13002,0,0,0,0,0,0,0,0,0,207,58,0,24,45,54,12,0,0,0,0
10710,0.153838,0,0,0,0,0,0,0,0,0,185,42,0,42,78,53,0,0,0,0,0
10720,0.14702,0,0,0,0,0,0,0,0,0,196,38,1,44,73,47,1,0,0,0,0
10730,0.122919,0,0,0,0,0,0,0,0,0,207,51,1,47,51,42,1,0,0,0,0
10740,0.115115,0,0,0,0,0,0,0,0,0,216,53,1,36,50,44,0,0,0,0,0
10750,0.133592,0,0,0,0,0,0,0,0,0,200,53,0,16,88,38,5,0,0,0,0
10760,0.132748,0,0,0,0,0,0,0,0,0,203,42,0,19,114,21,1,0,0,0,0
10770,0.132444,0,0,0,0,0,0,0,0,0,188,55,1,18,125,8,5,0,0,0,0
10780,0.131929,0,0,0,0,0,0,0,0,0,198,39,0,50,100,12,1,0,0,0,0
10790,0.123389,0,0,0,0,0,0,0,0,0,213,44,2,37,65,39,0,0,0,0,0
10800,0.126049,0,0,0,0,0,0,0,0,0,197,56,1,44,77,25,0,0,0,0,0
10810,0.13829,0,0,0,0,0,0,0,0,0,185,47,1,62,72,33,0,0,0,0,0
10820,0.153635,0,0,0,0,0,0,0,0,0,171,46,6,57,79,41,0,0,0,0,0
10830,0.145398,0,0,0,0,0,0,0,0,0,185,40,2,62,73,38,0,0,0,0,0
10840,0.150473,0,0,0,0,0,0,0,0,0,197,35,4,32,74,58,0,0,0,0,0
10850,0.141286,0,0,0,0,0,0,0,0,0,207,41,4,25,59,64,0,0,0,0,0
10860,0.175706,0,0,0,0,0,0,0,0,0,178,38,0,27,86,62,9,0,0,0,0
10870,0.132974,0,0,0,0,0,0,0,0,0,210,54,0,7,66,62,1,0,0,0,0
10880,0.133282,0,0,0,0,0,0,0,0,0,215,46,0,21,46,72,0,0,0,0,0
10890,0.145229,0,0,0,0,0,0,0,0,0,212,50,1,10,28,97,2,0,0,0,0
10900,0.142043,0,0,0,0,0,0,0,0,0,196,64,0,26,25,84,5,0,0,0,0
10910,0.187449,0,0,0,0,0,0,0,0,0,189,30,0,36,18,114,13,0,0,0,0
10920,0.145009,0,0,0,0,0,0,0,0,0,215,44,0,35,17,67,22,0,0,0,0
10930,0.154524,0,0,0,0,0,0,0,0,0,201,53,0,19,25,67,35,0,0,0,0
10940,0.125564,0,0,0,0,0,0,0,0,0,207,67,0,40,22,23,41,0,0,0,0
10950,0.138764,0,0,0,0,0,0,0,0,0,215,37,2,48,29,40,29,0,0,0,0
10960,0.109324,0,0,0,0,0,0,0,0,0,207,66,5,70,2,27,23,0,0,0,0
10970,0.115167,0,0,0,0,0,0,0,0,0,206,51,6,91,2,27,17,0,0,0,0
10980,0.0994904,0,0,0,0,0,0,0,0,0,229,55,6,54,8,44,4,0,0,0,0
10990,0.12094,0,0,0,0,0,0,0,0,0,194,62,0,82,6,54,2,0,0,0,0
11000,0.106863,0,0,0,0,0,0,0,0,0,212,48,0,97,12,28,3,0,0,0,0
11010,0.113525,0,0,0,0,0,0,0,0,0,196,49,1,120,6,27,1,0,0,0,0
11020,0.104831,0,0,0,0,0,0,0,0,0,210,49,3,81,34,23,0,0,0,0,0
11030,0.109987,0,0,0,0,0,0,0,0,0,200,46,1,94,53,6,0,0,0,0,0
11040,0.10112,0,0,0,0,0,0,0,0,0,205,47,1,119,27,1,0,0,0,0,0
11050,0.0931011,0,0,0,0,0,0,0,0,0,197,60,6,124,13,0,0,0,0,0,0
11060,0.0991878,0,0,0,0,0,0,0,0,0,207,50,3,108,32,0,0,0,0,0,0
11070,0.0998532,0,0,0,0,0,0,0,0,0,204,49,1,108,38,0,0,0,0,0,0
11080,0.0979125,0,0,0,0,0,0,0,0,0,204,61,0,76,59,0,0,0,0,0,0
11090,0.124279,0,0,0,0,0,0,0,0,0,179,52,0,105,60,4,0,0,0,0,0
11100,0.102378,0,0,0,0,0,0,0,0,0,198,52,0,111,39,0,0,0,0,0,0
11110,0.0962216,0,0,0,0,0,0,0,0,0,214,48,0,100,38,0,0,0,0,0,0
11120,0.0901291,0,0,0,0,0,0,0,0,0,226,41,3,94,36,0,0,0,0,0,0
11130,0.111668,0,0,0,0,0,0,0,0,0,190,43,2,125,40,0,0,0,0,0,0
11140,0.115329,0,0,0,0,0,0,0,0,0,183,53,1,106,57,0,0,0,0,0,0
11150,0.108814,0,0,0,0,0,0,0,0,0,196,45,3,111,44,1,0,0,0,0,0
11160,0.116751,0,0,0,0,0,0,0,0,0,206,39,3,72,72,8,0,0,0,0,0
11170,0.122546,0,0,0,0,0,0,0,0,0,197,42,4,79,63,15,0,0,0,0,0
11180,0.106393,0,0,0,0,0,0,0,0,0,211,61,3,34,82,9,0,0,0,0,0
11190,0.117579,0,0,0,0,0,0,0,0,0,214,54,2,19,91,20,0,0,0,0,0
11200,0.156676,0,0,0,0,0,0,0,0,0,192,34,0,23,116,35,0,0,0,0,0
11210,0.149467,0,0,0,0,0,0,0,0,0,196,42,0,22,94,46,0,0,0,0,0
11220,0.131814,0,0,0,0,0,0,0,0,0,208,48,0,21,80,43,0,0,0,0,0
11230,0.160667,0,0,0,0,0,0,0,0,0,189,43,0,18,82,68,0,0,0,0,0
11240,0.158452,0,0,0,0,0,0,0,0,0,193,43,0,17,71,76,0,0,0,0,0
11250,0.159365,0,0,0,0,0,0,0,0,0,189,33,0,48,66,63,1,0,0,0,0
11260,0.131787,0,0,0,0,0,0,0,0,0,191,38,1,87,70,13,0,0,0,0,0
11270,0.129369,0,0,0,0,0,0,0,0,0,202,38,0,73,65,20,2,0,0,0,0
11280,0.1244,0,0,0,0,0,0,0,0,0,195,51,0,59,76,19,0,0,0,0,0
11290,0.127015,0,0,0,0,0,0,0,0,0,195,48,0,50,97,10,0,0,0,0,0
11300,0.114739,0,0,0,0,0,0,0,0,0,213,43,1,36,107,0,0,0,0,0,0
11310,0.124111,0,0,0,0,0,0,0,0,0,209,40,0,44,99,8,0,0,0,0,0
11320,0.121707,0,0,0,0,0,0,0,0,0,193,54,0,57,90,6,0,0,0,0,0
11330,0.103849,0,0,0,0,0,0,0,0,0,204,67,1,41,85,2,0,0,0,0,0
11340,0.125631,0,0,0,0,0,0,0,0,0,208,39,1,52,83,17,0,0,0,0,0
11350,0.114221,0,0,0,0,0,0,0,0,0,213,35,0,91,58,3,0,0,0,0,0
11360,0.0949333,0,0,0,0,0,0,0,0,0,224,55,0,66,37,18,0,0,0,0,0
11370,0.10196,0,0,0,0,0,0,0,0,0,212,56,0,74,43,15,0,0,0,0,0
11380,0.0992196,0,0,0,0,0,0,0,0,0,216,57,0,77,27,23,0,0,0,0,0
11390,0.0979151,0,0,0,0,0,0,0,0,0,232,49,0,49,39,30,1,0,0,0,0
11400,0.127319,0,0,0,0,0,0,0,0,0,206,43,1,68,27,50,5,0,0,0,0
11410,0.12869,0,0,0,0,0,0,0,0,0,219,40,1,37,37,62,4,0,0,0,0
11420,0.155746,0,0,0,0,0,0,0,0,0,197,40,1,41,37,62,22,0,0,0,0
11430,0.128076,0,0,0,0,0,0,0,0,0,222,44,1,27,28,75,3,0,0,0,0
11440,0.161421,0,0,0,0,0,0,0,0,0,196,36,0,33,45,90,0,0,0,0,0
11450,0.151446,0,0,0,0,0,0,0,0,0,210,39,0,25,19,105,2,0,0,0,0
11460,0.165315,0,0,0,0,0,0,0,0,0,194,52,0,5,35,100,14,0,0,0,0
11470,0.176248,0,0,0,0,0,0,0,0,0,192,42,0,0,53,103,10,0,0,0,0
11480,0.171225,0,0,0,0,0,0,0,0,0,192,45,0,0,68,78,17,0,0,0,0
11490,0.186988,0,0,0,0,0,0,0,0,0,198,28,0,0,56,98,20,0,0,0,0
11500,0.174654,0,0,0,0,0,0,0,0,0,194,44,0,0,61,76,25,0,0,0,0
11510,0.155643,0,0,0,0,0,0,0,0,0,209,44,0,5,67,42,33,0,0,0,0
11520,0.154484,0,0,0,0,0,0,0,0,0,208,39,0,11,82,30,30,0,0,0,0
11530,0.128366,0,0,0,0,0,0,0,0,0,205,66,0,16,68,11,34,0,0,0,0
11540,0.134369,0,0,0,0,0,0,0,0,0,214,41,0,20,85,23,17,0,0,0,0
11550,0.141582,0,0,0,0,0,0,0,0,0,191,44,1,50,74,36,4,0,0,0,0
11560,0.133933,0,0,0,0,0,0,0,0,0,203,50,5,33,60,32,16,1,0,0,0
11570,0.146051,0,0,0,0,0,0,0,0,0,211,44,0,27,68,11,31,8,0,0,0
11580,0.12257,0,0,0,0,0,0,0,0,0,207,64,0,31,65,14,8,11,0,0,0
11590,0.160398,0,0,0,0,0,0,0,0,0,189,46,0,32,73,35,10,15,0,0,0
11600,0.148855,0,0,0,0,0,0,0,0,0,190,40,0,52,78,28,10,2,0,0,0
11610,0.12636,0,0,0,0,0,0,0,0,0,208,42,2,46,74,27,1,0,0,0,0
11620,0.136212,0,0,0,0,0,0,0,0,0,204,40,0,23,101,32,0,0,0,0,0
11630,0.133875,0,0,0,0,0,0,0,0,0,192,55,0,38,75,40,0,0,0,0,0
11640,0.157103,0,0,0,0,0,0,0,0,0,179,41,0,48,80,52,0,0,0,0,0
11650,0.139894,0,0,0,0,0,0,0,0,0,201,43,0,42,55,59,0,0,0,0,0
11660,0.147717,0,0,0,0,0,0,0,0,0,199,45,0,40,42,74,0,0,0,0,0
11670,0.128387,0,0,0,0,0,0,0,0,0,210,58,0,15,59,57,1,0,0,0,0
11680,0.137791,0,0,0,0,0,0,0,0,0,215,47,0,10,65,53,10,0,0,0,0
11690,0.145273,0,0,0,0,0,0,0,0,0,202,51,0,20,60,50,17,0,0,0,0
11700,0.162077,0,0,0,0,0,0,0,0,0,188,45,0,13,86,54,14,0,0,0,0
11710,0.1617,0,0,0,0,0,0,0,0,0,191,45,0,12,84,55,13,0,0,0,0
11720,0.128885,0,0,0,0,0,0,0,0,0,214,50,0,18,67,51,0,0,0,0,0
11730,0.144311,0,0,0,0,0,0,0,0,0,205,40,0,24,86,45,0,0,0,0,0
11740,0.139257,0,0,0,0,0,0,0,0,0,218,36,0,27,60,56,3,0,0,0,0
11750,0.182503,0,0,0,0,0,0,0,0,0,172,38,0,22,98,58,12,0,0,0,0
11760,0.176344,0,0,0,0,0,0,0,0,0,191,25,0,14,102,55,13,0,0,0,0
11770,0.166397,0,0,0,0,0,0,0,0,0,205,27,0,14,85,38,31,0,0,0,0
11780,0.170497,0,0,0,0,0,0,0,0,0,193,31,0,28,88,22,38,0,0,0,0
11790,0.136189,0,0,0,0,0,0,0,0,0,205,52,0,28,66,26,18,5,0,0,0
11800,0.115563,0,0,0,0,0,0,0,0,0,223,43,0,23,86,25,0,0,0,0,0
11810,0.121117,0,0,0,0,0,0,0,0,0,211,50,0,14,111,14,0,0,0,0,0
11820,0.138695,0,0,0,0,0,0,0,0,0,208,35,0,20,113,24,0,0,0,0,0
11830,0.102639,0,0,0,0,0,0,0,0,0,225,54,0,30,82,9,0,0,0,0,0
11840,0.119124,0,0,0,0,0,0,0,0,0,220,41,1,51,54,33,0,0,0,0,0
11850,0.112901,0,0,0,0,0,0,0,0,0,222,47,1,39,57,34,0,0,0,0,0
11860,0.127373,0,0,0,0,0,0,0,0,0,215,46,1,19,73,44,2,0,0,0,0
11870,0.144196,0,0,0,0,0,0,0,0,0,188,52,0,16,107,35,2,0,0,0,0
11880,0.107932,0,0,0,0,0,0,0,0,0,217,49,0,49,72,13,0,0,0,0,0
11890,0.135614,0,0,0,0,0,0,0,0,0,196,40,0,46,103,15,0,0,0,0,0
11900,0.160707,0,0,0,0,0,0,0,0,0,172,43,0,38,122,25,0,0,0,0,0
11910,0.120377,0,0,0,0,0,0,0,0,0,217,42,0,24,96,21,0,0,0,0,0
11920,0.118918,0,0,0,0,0,0,0,0,0,216,51,0,16,91,24,2,0,0,0,0
11930,0.119623,0,0,0,0,0,0,0,0,0,208,59,0,7,107,19,0,0,0,0,0
11940,0.150763,0,0,0,0,0,0,0,0,0,198,35,1,23,104,39,0,0,0,0,0
11950,0.141507,0,0,0,0,0,0,0,0,0,195,59,0,9,85,52,0,0,0,0,0
11960,0.133757,0,0,0,0,0,0,0,0,0,218,53,0,3,48,77,1,0,0,0,0
11970,0.182701,0,0,0,0,0,0,0,0,0,190,35,0,0,66,95,14,0,0,0,0
11980,0.142588,0,0,0,0,0,0,0,0,0,199,62,0,2,63,60,14,0,0,0,0
11990,0.154368,0,0,0,0,0,0,0,0,0,195,45,0,12,99,36,13,0,0,0,0
12000,0.162303,0,0,0,0,0,0,0,0,0,188,44,0,5,109,43,11,0,0,0,0
12010,0.174472,0,0,0,0,0,0,0,0,0,176,46,0,1,119,45,13,0,0,0,0
12020,0.169284,0,0,0,0,0,0,0,0,0,200,32,0,0,88,75,5,0,0,0,0
12030,0.159636,0,0,0,0,0,0,0,0,0,197,38,0,9,94,59,3,0,0,0,0
12040,0.154728,0,0,0,0,0,0,0,0,0,190,42,0,25,90,53,0,0,0,0,0
12050,0.148896,0,0,0,0,0,0,0,0,0,193,43,0,46,59,55,4,0,0,0,0
12060,0.147481,0,0,0,0,0,0,0,0,0,196,34,0,37,89,44,0,0,0,0,0
12070,0.114152,0,0,0,0,0,0,0,0,0,223,47,0,25,77,28,0,0,0,0,0
12080,0.153909,0,0,0,0,0,0,0,0,0,196,25,2,26,125,26,0,0,0,0,0
12090,0.171945,0,0,0,0,0,0,0,0,0,170,33,1,34,116,46,0,0,0,0,0
12100,0.146311,0,0,0,0,0,0,0,0,0,180,47,1,32,114,24,2,0,0,0,0
12110,0.14998,0,0,0,0,0,0,0,0,0,186,30,5,67,82,28,2,0,0,0,0
12120,0.121926,0,0,0,0,0,0,0,0,0,204,44,1,63,62,25,1,0,0,0,0
12130,0.134079,0,0,0,0,0,0,0,0,0,194,39,3,69,68,27,0,0,0,0,0
12140,0.140677,0,0,0,0,0,0,0,0,0,181,44,3,64,91,17,0,0,0,0,0
12150,0.122677,0,0,0,0,0,0,0,0,0,199,41,0,77,75,8,0,0,0,0,0
12160,0.130159,0,0,0,0,0,0,0,0,0,199,37,2,62,70,30,0,0,0,0,0
12170,0.141518,0,0,0,0,0,0,0,0,0,176,36,0,101,72,15,0,0,0,0,0
12180,0.122707,0,0,0,0,0,0,0,0,0,188,43,5,88,70,6,0,0,0,0,0
12190,0.127085,0,0,0,0,0,0,0,0,0,189,28,4,129,49,1,0,0,0,0,0
12200,0.123176,0,0,0,0,0,0,0,0,0,179,47,4,116,46,8,0,0,0,0,0
12210,0.118045,0,0,0,0,0,0,0,0,0,195,41,1,103,58,2,0,0,0,0,0
12220,0.133157,0,0,0,0,0,0,0,0,0,186,41,1,90,73,9,0,0,0,0,0
12230,0.119159,0,0,0,0,0,0,0,0,0,203,42,1,73,70,11,0,0,0,0,0
12240,0.151326,0,0,0,0,0,0,0,0,0,182,27,1,77,106,7,0,0,0,0,0
12250,0.131286,0,0,0,0,0,0,0,0,0,190,30,1,112,60,7,0,0,0,0,0
12260,0.143121,0,0,0,0,0,0,0,0,0,166,39,4,117,64,10,0,0,0,0,0
12270,0.112573,0,0,0,0,0,0,0,0,0,193,55,5,84,48,15,0,0,0,0,0
12280,0.100963,0,0,0,0,0,0,0,0,0,200,59,10,78,43,10,0,0,0,0,0
12290,0.160572,0,0,0,0,0,0,0,0,0,181,27,3,60,85,44,0,0,0,0,0
12300,0.164947,0,0,0,0,0,0,0,0,0,172,32,1,84,63,48,0,0,0,0,0
12310,0.177341,0,0,0,0,0,0,0,0,0,176,34,1,49,67,63,10,0,0,0,0
12320,0.156259,0,0,0,0,0,0,0,0,0,189,30,2,67,63,43,6,0,0,0,0
12330,0.158871,0,0,0,0,0,0,0,0,0,178,28,0,91,66,37,0,0,0,0,0
12340,0.138498,0,0,0,0,0,0,0,0,0,186,43,1,67,80,23,0,0,0,0,0
12350,0.164714,0,0,0,0,0,0,0,0,0,168,35,0,71,76,50,0,0,0,0,0
12360,0.16964,0,0,0,0,0,0,0,0,0,178,27,0,54,88,53,0,0,0,0,0
12370,0.155902,0,0,0,0,0,0,0,0,0,180,31,2,71,78,38,0,0,0,0,0
12380,0.161587,0,0,0,0,0,0,0,0,0,174,30,1,64,102,29,0,0,0,0,0
12390,0.149045,0,0,0,0,0,0,0,0,0,180,42,0,49,103,26,0,0,0,0,0
12400,0.138112,0,0,0,0,0,0,0,0,0,187,45,0,46,112,10,0,0,0,0,0
12410,0.160826,0,0,0,0,0,0,0,0,0,180,27,0,56,124,12,1,0,0,0,0
12420,0.125362,0,0,0,0,0,0,0,0,0,206,39,0,62,85,8,0,0,0,0,0
12430,0.134453,0,0,0,0,0,0,0,0,0,208,35,0,52,60,45,0,0,0,0,0
12440,0.135089,0,0,0,0,0,0,0,0,0,188,42,2,90,33,45,0,0,0,0,0
12450,0.146802,0,0,0,0,0,0,0,0,0,187,37,2,85,30,58,1,0,0,0,0
12460,0.133655,0,0,0,0,0,0,0,0,0,196,45,1,57,64,37,0,0,0,0,0
12470,0.105783,0,0,0,0,0,0,0,0,0,222,52,0,44,57,20,5,0,0,0,0
12480,0.138572,0,0,0,0,0,0,0,0,0,197,38,1,75,51,16,22,0,0,0,0
12490,0.136096,0,0,0,0,0,0,0,0,0,191,44,0,90,40,12,23,0,0,0,0
12500,0.153646,0,0,0,0,0,0,0,0,0,179,42,0,87,54,5,32,1,0,0,0
12510,0.153679,0,0,0,0,0,0,0,0,0,187,35,0,57,98,1,11,11,0,0,0
12520,0.172817,0,0,0,0,0,0,0,0,0,171,29,4,86,77,7,4,22,0,0,0
12530,0.142748,0,0,0,0,0,0,0,0,0,207,29,1,63,58,28,2,12,0,0,0
12540,0.165598,0,0,0,0,0,0,0,0,0,166,36,0,76,81,33,0,8,0,0,0
12550,0.180397,0,0,0,0,0,0,0,0,0,165,20,0,85,88,28,9,5,0,0,0
12560,0.150724,0,0,0,0,0,0,0,0,0,182,26,6,108,51,9,6,12,0,0,0
12570,0.169715,0,0,0,0,0,0,0,0,0,161,23,8,92,89,24,0,3,0,0,0
12580,0.143823,0,0,0,0,0,0,0,0,0,177,32,3,95,78,15,0,0,0,0,0
12590,0.13354,0,0,0,0,0,0,0,0,0,181,31,0,126,62,0,0,0,0,0,0
12600,0.129835,0,0,0,0,0,0,0,0,0,176,38,5,127,54,0,0,0,0,0,0
12610,0.140302,0,0,0,0,0,0,0,0,0,174,30,3,112,81,0,0,0,0,0,0
12620,0.151425,0,0,0,0,0,0,0,0,0,172,26,1,91,109,1,0,0,0,0,0
12630,0.122756,0,0,0,0,0,0,0,0,0,184,39,1,121,55,0,0,0,0,0,0
12640,0.127893,0,0,0,0,0,0,0,0,0,173,36,3,145,43,0,0,0,0,0,0
12650,0.118049,0,0,0,0,0,0,0,0,0,197,26,7,135,35,0,0,0,0,0,0
12660,0.133723,0,0,0,0,0,0,0,0,0,188,27,1,118,64,2,0,0,0,0,0
12670,0.133462,0,0,0,0,0,0,0,0,0,173,27,4,140,56,0,0,0,0,0,0
12680,0.125494,0,0,0,0,0,0,0,0,0,192,32,1,106,66,3,0,0,0,0,0
12690,0.112283,0,0,0,0,0,0,0,0,0,184,55,4,96,61,0,0,0,0,0,0
12700,0.11468,0,0,0,0,0,0,0,0,0,195,35,5,125,40,0,0,0,0,0,0
12710,0.110899,0,0,0,0,0,0,0,0,0,198,49,4,98,51,0,0,0,0,0,0
12720,0.116405,0,0,0,0,0,0,0,0,0,201,44,0,72,81,2,0,0,0,0,0
12730,0.12238,0,0,0,0,0,0,0,0,0,187,47,0,101,62,3,0,0,0,0,0
12740,0.102037,0,0,0,0,0,0,0,0,0,205,60,0,70,62,3,0,0,0,0,0
12750,0.134512,0,0,0,0,0,0,0,0,0,190,31,0,84,89,6,0,0,0,0,0
12760,0.127374,0,0,0,0,0,0,0,0,0,199,34,2,85,63,17,0,0,0,0,0
12770,0.121419,0,0,0,0,0,0,0,0,0,192,46,1,73,81,7,0,0,0,0,0
12780,0.144169,0,0,0,0,0,0,0,0,0,158,46,2,116,73,5,0,0,0,0,0
12790,0.138747,0,0,0,0,0,0,0,0,0,181,32,2,102,70,13,0,0,0,0,0
12800,0.146287,0,0,0,0,0,0,0,0,0,176,26,1,109,70,18,0,0,0,0,0
12810,0.12207,0,0,0,0,0,0,0,0,0,209,25,4,87,71,4,0,0,0,0,0
12820,0.152485,0,0,0,0,0,0,0,0,0,162,30,3,100,105,0,0,0,0,0,0
12830,0.145805,0,0,0,0,0,0,0,0,0,188,25,0,73,106,8,0,0,0,0,0
12840,0.146633,0,0,0,0,0,0,0,0,0,173,35,0,92,98,2,0,0,0,0,0
12850,0.15745,0,0,0,0,0,0,0,0,0,186,12,0,78,117,7,0,0,0,0,0
12860,0.164646,0,0,0,0,0,0,0,0,0,169,21,0,75,130,5,0,0,0,0,0
12870,0.169864,0,0,0,0,0,0,0,0,0,177,18,0,42,155,8,0,0,0,0,0
12880,0.133765,0,0,0,0,0,0,0,0,0,185,49,0,52,106,8,0,0,0,0,0
12890,0.13396,0,0,0,0,0,0,0,0,0,194,39,0,53,104,10,0,0,0,0,0
12900,0.12139,0,0,0,0,0,0,0,0,0,213,39,1,42,94,11,0,0,0,0,0
12910,0.118593,0,0,0,0,0,0,0,0,0,207,51,0,49,73,20,0,0,0,0,0
12920,0.137854,0,0,0,0,0,0,0,0,0,200,40,0,54,67,39,0,0,0,0,0
12930,0.141886,0,0,0,0,0,0,0,0,0,204,39,0,19,102,35,1,0,0,0,0
12940,0.149027,0,0,0,0,0,0,0,0,0,197,45,1,18,70,67,2,0,0,0,0
12950,0.172553,0,0,0,0,0,0,0,0,0,184,40,1,13,86,59,17,0,0,0,0
12960,0.17935,0,0,0,0,0,0,0,0,0,170,37,0,11,139,39,4,0,0,0,0
12970,0.138422,0,0,0,0,0,0,0,0,0,210,39,0,12,108,24,7,0,0,0,0
12980,0.153211,0,0,0,0,0,0,0,0,0,183,46,0,37,88,39,7,0,0,0,0
12990,0.133356,0,0,0,0,0,0,0,0,0,199,50,0,35,82,25,9,0,0,0,0
13000,0.138243,0,0,0,0,0,0,0,0,0,191,42,1,47,96,21,2,0,0,0,0
13010,0.129121,0,0,0,0,0,0,0,0,0,209,36,0,49,73,33,0,0,0,0,0
13020,0.146932,0,0,0,0,0,0,0,0,0,186,34,2,70,88,15,5,0,0,0,0
13030,0.140155,0,0,0,0,0,0,0,0,0,180,48,0,68,85,12,7,0,0,0,0
13040,0.148018,0,0,0,0,0,0,0,0,0,169,43,4,65,103,15,1,0,0,0,0
13050,0.164738,0,0,0,0,0,0,0,0,0,168,30,2,59,116,20,5,0,0,0,0
13060,0.143264,0,0,0,0,0,0,0,0,0,173,41,0,79,101,5,1,0,0,0,0
13070,0.141401,0,0,0,0,0,0,0,0,0,181,28,2,89,99,1,0,0,0,0,0
13080,0.104966,0,0,0,0,0,0,0,0,0,206,56,4,61,73,0,0,0,0,0,0
13090,0.134183,0,0,0,0,0,0,0,0,0,188,38,5,76,79,14,0,0,0,0,0
13100,0.105752,0,0,0,0,0,0,0,0,0,204,52,1,92,42,9,0,0,0,0,0
13110,0.125958,0,0,0,0,0,0,0,0,0,186,41,12,77,76,8,0,0,0,0,0
13120,0.111959,0,0,0,0,0,0,0,0,0,207,44,2,80,57,10,0,0,0,0,0
13130,0.118874,0,0,0,0,0,0,0,0,0,206,36,4,75,70,9,0,0,0,0,0
13140,0.124209,0,0,0,0,0,0,0,0,0,184,51,1,88,75,1,0,0,0,0,0
13150,0.114232,0,0,0,0,0,0,0,0,0,206,42,1,80,61,10,0,0,0,0,0
13160,0.114808,0,0,0,0,0,0,0,0,0,210,40,0,73,66,11,0,0,0,0,0
13170,0.124968,0,0,0,0,0,0,0,0,0,186,51,0,72,85,6,0,0,0,0,0
13180,0.131893,0,0,0,0,0,0,0,0,0,187,42,0,68,100,3,0,0,0,0,0
13190,0.109976,0,0,0,0,0,0,0,0,0,200,43,3,88,65,1,0,0,0,0,0
13200,0.115305,0,0,0,0,0,0,0,0,0,187,46,5,108,54,0,0,0,0,0,0
13210,0.120137,0,0,0,0,0,0,0,0,0,195,37,2,106,60,0,0,0,0,0,0
13220,0.128074,0,0,0,0,0,0,0,0,0,181,48,2,76,93,0,0,0,0,0,0
13230,0.125414,0,0,0,0,0,0,0,0,0,189,43,4,72,92,0,0,0,0,0,0
13240,0.0994683,0,0,0,0,0,0,0,0,0,215,53,1,68,62,1,0,0,0,0,0
13250,0.110519,0,0,0,0,0,0,0,0,0,207,39,2,87,65,0,0,0,0,0,0
13260,0.105067,0,0,0,0,0,0,0,0,0,227,38,0,55,76,4,0,0,0,0,0
13270,0.116355,0,0,0,0,0,0,0,0,0,195,56,0,65,73,11,0,0,0,0,0
13280,0.107137,0,0,0,0,0,0,0,0,0,212,39,5,86,55,3,0,0,0,0,0
13290,0.103415,0,0,0,0,0,0,0,0,0,208,48,1,101,42,0,0,0,0,0,0
13300,0.0940968,0,0,0,0,0,0,0,0,0,205,63,0,89,43,0,0,0,0,0,0
13310,0.0957984,0,0,0,0,0,0,0,0,0,198,70,1,83,43,5,0,0,0,0,0
13320,0.0977916,0,0,0,0,0,0,0,0,0,216,51,1,75,53,4,0,0,0,0,0
13330,0.11091,0,0,0,0,0,0,0,0,0,197,46,4,88,65,0,0,0,0,0,0
13340,0.120376,0,0,0,0,0,0,0,0,0,205,26,2,95,72,0,0,0,0,0,0
13350,0.0971792,0,0,0,0,0,0,0,0,0,216,48,4,69,63,0,0,0,0,0,0
13360,0.109174,0,0,0,0,0,0,0,0,0,197,54,1,71,77,0,0,0,0,0,0
13370,0.0954622,0,0,0,0,0,0,0,0,0,203,66,1,73,55,2,0,0,0,0,0
13380,0.120168,0,0,0,0,0,0,0,0,0,201,40,2,69,83,5,0,0,0,0,0
13390,0.142223,0,0,0,0,0,0,0,0,0,185,32,1,84,87,11,0,0,0,0,0
13400,0.103464,0,0,0,0,0,0,0,0,0,219,50,0,43,83,5,0,0,0,0,0
13410,0.118807,0,0,0,0,0,0,0,0,0,196,56,2,50,79,17,0,0,0,0,0
13420,0.138163,0,0,0,0,0,0,0,0,0,191,28,1,94,76,10,0,0,0,0,0
13430,0.122504,0,0,0,0,0,0,0,0,0,193,48,1,88,55,15,0,0,0,0,0
13440,0.119668,0,0,0,0,0,0,0,0,0,194,42,1,101,58,4,0,0,0,0,0
13450,0.112462,0,0,0,0,0,0,0,0,0,208,41,0,73,78,0,0,0,0,0,0
13460,0.109148,0,0,0,0,0,0,0,0,0,210,43,1,71,75,0,0,0,0,0,0
13470,0.107475,0,0,0,0,0,0,0,0,0,206,52,0,71,70,1,0,0,0,0,0
13480,0.0869112,0,0,0,0,0,0,0,0,0,218,63,1,63,55,0,0,0,0,0,0
13490,0.109218,0,0,0,0,0,0,0,0,0,216,41,0,59,84,0,0,0,0,0,0
13500,0.112904,0,0,0,0,0,0,0,0,0,200,49,3,83,60,5,0,0,0,0,0
13510,0.0963079,0,0,0,0,0,0,0,0,0,211,51,0,99,37,2,0,0,0,0,0
13520,0.108006,0,0,0,0,0,0,0,0,0,195,53,5,104,25,18,0,0,0,0,0
13530,0.122365,0,0,0,0,0,0,0,0,0,192,37,3,119,34,15,0,0,0,0,0
13540,0.118637,0,0,0,0,0,0,0,0,0,191,46,4,107,39,13,0,0,0,0,0
13550,0.105943,0,0,0,0,0,0,0,0,0,198,50,8,95,43,6,0,0,0,0,0
13560,0.10143,0,0,0,0,0,0,0,0,0,209,51,0,90,30,20,0,0,0,0,0
13570,0.105997,0,0,0,0,0,0,0,0,0,198,46,4,119,20,13,0,0,0,0,0
13580,0.0866609,0,0,0,0,0,0,0,0,0,212,52,5,119,12,0,0,0,0,0,0
13590,0.0948337,0,0,0,0,0,0,0,0,0,214,44,3,106,33,0,0,0,0,0,0
13600,0.126597,0,0,0,0,0,0,0,0,0,194,31,0,90,85,0,0,0,0,0,0
13610,0.114129,0,0,0,0,0,0,0,0,0,202,38,1,96,63,0,0,0,0,0,0
13620,0.115755,0,0,0,0,0,0,0,0,0,179,61,1,96,61,2,0,0,0,0,0
13630,0.108157,0,0,0,0,0,0,0,0,0,209,54,0,51,76,10,0,0,0,0,0
13640,0.0929346,0,0,0,0,0,0,0,0,0,216,60,0,60,63,1,0,0,0,0,0
13650,0.127324,0,0,0,0,0,0,0,0,0,189,45,0,76,86,4,0,0,0,0,0
13660,0.0891727,0,0,0,0,0,0,0,0,0,234,47,0,59,57,3,0,0,0,0,0
13670,0.0843228,0,0,0,0,0,0,0,0,0,228,61,2,52,57,0,0,0,0,0,0
13680,0.117871,0,0,0,0,0,0,0,0,0,206,46,1,69,55,23,0,0,0,0,0
13690,0.12028,0,0,0,0,0,0,0,0,0,203,51,1,48,78,19,0,0,0,0,0
13700,0.116586,0,0,0,0,0,0,0,0,0,212,51,1,37,69,29,1,0,0,0,0
13710,0.137829,0,0,0,0,0,0,0,0,0,195,39,1,68,57,38,2,0,0,0,0
13720,0.132292,0,0,0,0,0,0,0,0,0,213,40,1,35,61,49,1,0,0,0,0
13730,0.141893,0,0,0,0,0,0,0,0,0,204,49,0,43,27,70,7,0,0,0,0
13740,0.186156,0,0,0,0,0,0,0,0,0,177,38,0,54,19,82,30,0,0,0,0
13750,0.146232,0,0,0,0,0,0,0,0,0,199,56,1,35,23,68,18,0,0,0,0
13760,0.164485,0,0,0,0,0,0,0,0,0,203,38,2,16,38,89,14,0,0,0,0
13770,0.143056,0,0,0,0,0,0,0,0,0,203,54,0,22,44,65,12,0,0,0,0
13780,0.161868,0,0,0,0,0,0,0,0,0,186,49,0,28,47,79,11,0,0,0,0
13790,0.12694,0,0,0,0,0,0,0,0,0,212,55,0,32,43,49,9,0,0,0,0
13800,0.135256,0,0,0,0,0,0,0,0,0,187,52,3,67,52,34,5,0,0,0,0
13810,0.11255,0,0,0,0,0,0,0,0,0,209,56,2,46,63,24,0,0,0,0,0
13820,0.136838,0,0,0,0,0,0,0,0,0,206,32,0,56,63,43,0,0,0,0,0
13830,0.112493,0,0,0,0,0,0,0,0,0,213,47,1,73,30,36,0,0,0,0,0
13840,0.148569,0,0,0,0,0,0,0,0,0,160,73,1,42,73,51,0,0,0,0,0
13850,0.125792,0,0,0,0,0,0,0,0,0,215,35,0,49,77,22,2,0,0,0,0
13860,0.12021,0,0,0,0,0,0,0,0,0,195,50,0,71,79,5,0,0,0,0,0
13870,0.112206,0,0,0,0,0,0,0,0,0,208,56,0,31,104,1,0,0,0,0,0
13880,0.156989,0,0,0,0,0,0,0,0,0,183,35,0,21,146,15,0,0,0,0,0
13890,0.128628,0,0,0,0,0,0,0,0,0,197,53,0,20,115,15,0,0,0,0,0
13900,0.112823,0,0,0,0,0,0,0,0,0,220,48,0,18,99,15,0,0,0,0,0
13910,0.132251,0,0,0,0,0,0,0,0,0,209,46,0,15,90,40,0,0,0,0,0
13920,0.118738,0,0,0,0,0,0,0,0,0,223,49,0,14,78,36,0,0,0,0,0
13930,0.129741,0,0,0,0,0,0,0,0,0,213,46,0,25,75,41,0,0,0,0,0
13940,0.129986,0,0,0,0,0,0,0,0,0,208,53,0,17,70,51,1,0,0,0,0
13950,0.122124,0,0,0,0,0,0,0,0,0,212,56,0,17,70,45,0,0,0,0,0
13960,0.121266,0,0,0,0,0,0,0,0,0,207,62,1,18,69,43,0,0,0,0,0
13970,0.118091,0,0,0,0,0,0,0,0,0,221,55,0,19,57,44,4,0,0,0,0
13980,0.142911,0,0,0,0,0,0,0,0,0,202,60,0,7,53,76,2,0,0,0,0
13990,0.144773,0,0,0,0,0,0,0,0,0,206,59,0,0,49,68,18,0,0,0,0
14000,0.175576,0,0,0,0,0,0,0,0,0,196,40,0,0,58,84,22,0,0,0,0
14010,0.173622,0,0,0,0,0,0,0,0,0,184,43,0,8,76,75,14,0,0,0,0
14020,0.16326,0,0,0,0,0,0,0,0,0,194,47,0,1,76,56,26,0,0,0,0
14030,0.152782,0,0,0,0,0,0,0,0,0,215,39,0,6,52,63,25,0,0,0,0
14040,0.168367,0,0,0,0,0,0,0,0,0,195,48,0,6,43,85,23,0,0,0,0
14050,0.154333,0,0,0,0,0,0,0,0,0,224,40,0,1,21,81,33,0,0,0,0
14060,0.165559,0,0,0,0,0,0,0,0,0,222,34,0,0,29,77,38,0,0,0,0
14070,0.144301,0,0,0,0,0,0,0,0,0,217,49,0,0,51,67,16,0,0,0,0
14080,0.136386,0,0,0,0,0,0,0,0,0,210,61,0,1,47,70,11,0,0,0,0
14090,0.146285,0,0,0,0,0,0,0,0,0,211,51,0,0,58,64,16,0,0,0,0
14100,0.151902,0,0,0,0,0,0,0,0,0,208,42,0,2,68,73,7,0,0,0,0
14110,0.129556,0,0,0,0,0,0,0,0,0,228,41,0,6,67,54,4,0,0,0,0
14120,0.146582,0,0,0,0,0,0,0,0,0,193,56,0,8,76,61,6,0,0,0,0
14130,0.154092,0,0,0,0,0,0,0,0,0,188,51,0,31,56,69,5,0,0,0,0
14140,0.149484,0,0,0,0,0,0,0,0,0,209,27,0,30,77,55,2,0,0,0,0
14150,0.150301,0,0,0,0,0,0,0,0,0,204,40,0,19,73,60,4,0,0,0,0
14160,0.134936,0,0,0,0,0,0,0,0,0,213,49,0,11,55,70,2,0,0,0,0
14170,0.132748,0,0,0,0,0,0,0,0,0,220,45,0,13,54,63,5,0,0,0,0
14180,0.136312,0,0,0,0,0,0,0,0,0,209,52,0,25,43,62,9,0,0,0,0
14190,0.140672,0,0,0,0,0,0,0,0,0,211,46,2,23,39,66,13,0,0,0,0
14200,0.166181,0,0,0,0,0,0,0,0,0,208,37,0,17,18,94,26,0,0,0,0
14210,0.170794,0,0,0,0,0,0,0,0,0,200,34,0,45,8,82,31,0,0,0,0
14220,0.15826,0,0,0,0,0,0,0,0,0,207,41,1,35,10,78,28,0,0,0,0
14230,0.162942,0,0,0,0,0,0,0,0,0,216,34,1,22,16,60,51,0,0,0,0
14240,0.165406,0,0,0,0,0,0,0,0,0,204,42,2,27,25,52,48,0,0,0,0
14250,0.150326,0,0,0,0,0,0,0,0,0,205,50,0,25,40,44,35,1,0,0,0
14260,0.183844,0,0,0,0,0,0,0,0,0,196,33,0,31,42,29,63,6,0,0,0
14270,0.144089,0,0,0,0,0,0,0,0,0,231,47,1,13,21,23,50,14,0,0,0
14280,0.1688,0,0,0,0,0,0,0,0,0,212,49,0,7,22,35,67,8,0,0,0
14290,0.189258,0,0,0,0,0,0,0,0,0,182,49,0,26,21,40,80,2,0,0,0
14300,0.183734,0,0,0,0,0,0,0,0,0,195,58,0,6,1,55,81,4,0,0,0
14310,0.183389,0,0,0,0,0,0,0,0,0,206,52,0,1,4,46,88,3,0,0,0
14320,0.225993,0,0,0,0,0,0,0,0,0,180,44,0,0,11,64,83,18,0,0,0
14330,0.176067,0,0,0,0,0,0,0,0,0,214,51,0,0,8,41,72,14,0,0,0
14340,0.17821,0,0,0,0,0,0,0,0,0,201,62,0,0,2,58,59,18,0,0,0
14350,0.191481,0,0,0,0,0,0,0,0,0,200,55,0,0,12,45,57,31,0,0,0
14360,0.264382,0,0,0,0,0,0,0,0,0,162,44,0,0,5,33,124,32,0,0,0
14370,0.208839,0,0,0,0,0,0,0,0,0,204,49,0,0,0,16,92,39,0,0,0
14380,0.264963,0,0,0,0,0,0,0,0,0,175,32,0,0,0,32,136,25,0,0,0
14390,0.248801,0,0,0,0,0,0,0,0,0,186,34,0,0,0,26,125,29,0,0,0
14400,0.22147,0,0,0,0,0,0,0,0,0,186,51,0,0,0,37,101,25,0,0,0
14410,0.210275,0,0,0,0,0,0,0,0,0,206,37,0,0,0,32,112,13,0,0,0
14420,0.242092,0,0,0,0,0,0,0,0,0,187,30,0,0,0,33,147,3,0,0,0
14430,0.195552,0,0,0,0,0,0,0,0,0,209,40,0,0,0,59,80,12,0,0,0
14440,0.227008,0,0,0,0,0,0,0,0,0,187,41,0,0,0,47,110,15,0,0,0
14450,0.197543,0,0,0,0,0,0,0,0,0,204,46,0,0,0,41,98,11,0,0,0
14460,0.202233,0,0,0,0,0,0,0,0,0,192,51,0,0,0,66,79,12,0,0,0
14470,0.20097,0,0,0,0,0,0,0,0,0,198,45,0,0,0,78,76,3,0,0,0
14480,0.229886,0,0,0,0,0,0,0,0,0,183,35,0,0,0,95,78,7,2,0,0
14490,0.205366,0,0,0,0,0,0,0,0,0,200,39,0,0,0,66,90,5,0,0,0
14500,0.222699,0,0,0,0,0,0,0,0,0,188,38,0,0,3,66,88,17,0,0,0
14510,0.22006,0,0,0,0,0,0,0,0,0,192,37,0,0,3,61,91,16,0,0,0
14520,0.160787,0,0,0,0,0,0,0,0,0,222,50,0,0,7,54,61,6,0,0,0
14530,0.170535,0,0,0,0,0,0,0,0,0,200,65,0,7,6,54,46,22,0,0,0
14540,0.191378,0,0,0,0,0,0,0,0,0,202,45,0,7,2,64,68,12,0,0,0
14550,0.15274,0,0,0,0,0,0,0,0,0,211,70,0,0,0,47,70,2,0,0,0
14560,0.200798,0,0,0,0,0,0,0,0,0,202,44,0,0,2,37,115,0,0,0,0
14570,0.193753,0,0,0,0,0,0,0,0,0,218,36,0,0,0,32,110,4,0,0,0
14580,0.200706,0,0,0,0,0,0,0,0,0,191,63,0,0,1,8,121,16,0,0,0
14590,0.187684,0,0,0,0,0,0,0,0,0,216,44,0,0,1,38,72,29,0,0,0
14600,0.147108,0,0,0,0,0,0,0,0,0,224,67,0,0,0,33,48,28,0,0,0
14610,0.195412,0,0,0,0,0,0,0,0,0,209,44,0,0,0,57,66,24,0,0,0
14620,0.188197,0,0,0,0,0,0,0,0,0,211,45,0,0,0,64,59,21,0,0,0
14630,0.22391,0,0,0,0,0,0,0,0,0,193,36,0,0,3,57,93,18,0,0,0
14640,0.208971,0,0,0,0,0,0,0,0,0,193,41,0,0,7,85,64,10,0,0,0
14650,0.19092,0,0,0,0,0,0,0,0,0,204,53,0,0,6,37,77,22,1,0,0
14660,0.219947,0,0,0,0,0,0,0,0,0,197,42,0,0,1,41,92,22,5,0,0
14670,0.216705,0,0,0,0,0,0,0,0,0,201,43,0,0,0,34,98,12,12,0,0
14680,0.213565,0,0,0,0,0,0,0,0,0,196,48,0,0,0,37,100,12,7,0,0
14690,0.206195,0,0,0,0,0,0,0,0,0,199,42,0,0,0,60,84,15,0,0,0
14700,0.241122,0,0,0,0,0,0,0,0,0,180,39,0,0,9,46,91,34,1,0,0
14710,0.22208,0,0,0,0,0,0,0,0,0,193,40,0,0,16,53,45,53,0,0,0
14720,0.188923,0,0,0,0,0,0,0,0,0,196,42,0,0,61,42,41,18,0,0,0
14730,0.199667,0,0,0,0,0,0,0,0,0,179,40,0,4,64,74,32,7,0,0,0
14740,0.176813,0,0,0,0,0,0,0,0,0,197,37,0,12,34,101,19,0,0,0,0
14750,0.203418,0,0,0,0,0,0,0,0,0,155,54,0,0,70,112,0,9,0,0,0
14760,0.193433,0,0,0,0,0,0,0,0,0,183,35,0,1,47,125,9,0,0,0,0
14770,0.138785,0,0,0,0,0,0,0,0,0,231,34,0,0,44,91,0,0,0,0,0
14780,0.167462,0,0,0,0,0,0,0,0,0,189,51,0,3,54,99,4,0,0,0,0
14790,0.168357,0,0,0,0,0,0,0,0,0,199,45,0,0,25,129,2,0,0,0,0
14800,0.179966,0,0,0,0,0,0,0,0,0,186,46,0,0,32,130,6,0,0,0,0
14810,0.154109,0,0,0,0,0,0,0,0,0,201,60,0,0,21,107,11,0,0,0,0
14820,0.15249,0,0,0,0,0,0,0,0,0,218,48,0,0,12,111,11,0,0,0,0
14830,0.177385,0,0,0,0,0,0,0,0,0,206,44,0,0,2,125,23,0,0,0,0
14840,0.175561,0,0,0,0,0,0,0,0,0,211,41,0,0,0,116,32,0,0,0,0
14850,0.206929,0,0,0,0,0,0,0,0,0,172,55,0,0,4,118,51,0,0,0,0
14860,0.152453,0,0,0,0,0,0,0,0,0,207,65,0,0,8,73,47,0,0,0,0
14870,0.184652,0,0,0,0,0,0,0,0,0,200,40,0,0,17,113,30,0,0,0,0
14880,0.160228,0,0,0,0,0,0,0,0,0,201,60,0,0,24,79,36,0,0,0,0
14890,0.157025,0,0,0,0,0,0,0,0,0,206,62,0,0,21,66,44,1,0,0,0
14900,0.181619,0,0,0,0,0,0,0,0,0,205,38,0,0,36,70,51,0,0,0,0
14910,0.198116,0,0,0,0,0,0,0,0,0,192,38,0,0,16,111,39,4,0,0,0
14920,0.193698,0,0,0,0,0,0,0,0,0,206,33,0,0,3,100,56,2,0,0,0
14930,0.197566,0,0,0,0,0,0,0,0,0,190,50,0,0,3,77,80,0,0,0,0
14940,0.142515,0,0,0,0,0,0,0,0,0,228,56,0,0,7,52,57,0,0,0,0
14950,0.183908,0,0,0,0,0,0,0,0,0,207,36,0,0,4,117,36,0,0,0,0
14960,0.181451,0,0,0,0,0,0,0,0,0,211,35,0,0,10,96,47,1,0,0,0
14970,0.182139,0,0,0,0,0,0,0,0,0,197,53,0,0,9,86,46,9,0,0,0
14980,0.17387,0,0,0,0,0,0,0,0,0,211,40,0,0,23,79,47,0,0,0,0
14990,0.190406,0,0,0,0,0,0,0,0,0,185,51,0,0,29,82,52,1,0,0,0
15000,0.181795,0,0,0,0,0,0,0,0,0,209,40,0,0,26,62,48,15,0,0,0
15010,0.179788,0,0,0,0,0,0,0,0,0,217,35,0,0,14,74,51,9,0,0,0
15020,0.18783,0,0,0,0,0,0,0,0,0,196,41,0,0,13,119,31,0,0,0,0
15030,0.158316,0,0,0,0,0,0,0,0,0,211,52,0,0,7,105,25,0,0,0,0
15040,0.160107,0,0,0,0,0,0,0,0,0,218,44,0,0,12,97,29,0,0,0,0
15050,0.199276,0,0,0,0,0,0,0,0,0,185,45,0,0,19,99,52,0,0,0,0
15060,0.157086,0,0,0,0,0,0,0,0,0,224,39,0,0,12,92,33,0,0,0,0
15070,0.166266,0,0,0,0,0,0,0,0,0,208,52,0,0,4,98,38,0,0,0,0
15080,0.18851,0,0,0,0,0,0,0,0,0,203,40,0,0,1,94,62,0,0,0,0
15090,0.165388,0,0,0,0,0,0,0,0,0,215,48,0,0,2,80,55,0,0,0,0
15100,0.198949,0,0,0,0,0,0,0,0,0,200,40,0,0,0,77,82,1,0,0,0
15110,0.16293,0,0,0,0,0,0,0,0,0,212,57,0,0,1,64,64,2,0,0,0
15120,0.165327,0,0,0,0,0,0,0,0,0,205,56,0,0,9,94,36,0,0,0,0
15130,0.167618,0,0,0,0,0,0,0,0,0,218,37,0,0,20,92,33,0,0,0,0
15140,0.178458,0,0,0,0,0,0,0,0,0,202,42,0,0,38,84,34,0,0,0,0
15150,0.142606,0,0,0,0,0,0,0,0,0,214,59,0,0,28,81,15,3,0,0,0
15160,0.161251,0,0,0,0,0,0,0,0,0,201,54,0,0,40,81,17,7,0,0,0
15170,0.189209,0,0,0,0,0,0,0,0,0,183,44,0,2,50,99,13,9,0,0,0
15180,0.17285,0,0,0,0,0,0,0,0,0,204,37,0,0,37,111,0,11,0,0,0
15190,0.183438,0,0,0,0,0,0,0,0,0,184,42,0,1,60,101,0,12,0,0,0
15200,0.167825,0,0,0,0,0,0,0,0,0,191,47,0,9,27,126,0,0,0,0,0
15210,0.139566,0,0,0,0,0,0,0,0,0,211,54,0,20,21,90,4,0,0,0,0
15220,0.170263,0,0,0,0,0,0,0,0,0,197,33,0,41,20,98,11,0,0,0,0
15230,0.159647,0,0,0,0,0,0,0,0,0,201,48,0,12,33,92,14,0,0,0,0
15240,0.188353,0,0,0,0,0,0,0,0,0,189,47,0,0,18,117,29,0,0,0,0
15250,0.182609,0,0,0,0,0,0,0,0,0,195,47,0,0,23,97,37,1,0,0,0
15260,0.152497,0,0,0,0,0,0,0,0,0,208,49,0,6,34,85,18,0,0,0,0
15270,0.163973,0,0,0,0,0,0,0,0,0,181,55,0,29,32,95,8,0,0,0,0
15280,0.163171,0,0,0,0,0,0,0,0,0,201,41,1,22,35,82,18,0,0,0,0
15290,0.137185,0,0,0,0,0,0,0,0,0,224,46,0,19,20,73,18,0,0,0,0
15300,0.140713,0,0,0,0,0,0,0,0,0,210,52,0,28,17,78,15,0,0,0,0
15310,0.179567,0,0,0,0,0,0,0,0,0,192,48,0,17,8,90,45,0,0,0,0
15320,0.181866,0,0,0,0,0,0,0,0,0,195,55,0,5,6,61,77,1,0,0,0
15330,0.177151,0,0,0,0,0,0,0,0,0,212,40,0,1,11,85,49,2,0,0,0
15340,0.198179,0,0,0,0,0,0,0,0,0,196,30,0,0,62,48,56,8,0,0,0
15350,0.193345,0,0,0,0,0,0,0,0,0,205,40,0,0,36,33,62,24,0,0,0
15360,0.182269,0,0,0,0,0,0,0,0,0,200,50,0,0,23,64,56,7,0,0,0
15370,0.204968,0,0,0,0,0,0,0,0,0,196,36,0,0,37,58,44,29,0,0,0
15380,0.189407,0,0,0,0,0,0,0,0,0,201,40,0,0,32,55,63,9,0,0,0
15390,0.190526,0,0,0,0,0,0,0,0,0,191,45,0,3,47,37,71,6,0,0,0
15400,0.183869,0,0,0,0,0,0,0,0,0,195,50,0,4,33,48,52,18,0,0,0
15410,0.190619,0,0,0,0,0,0,0,0,0,196,35,0,34,24,31,72,8,0,0,0
15420,0.169481,0,0,0,0,0,0,0,0,0,190,57,0,24,41,23,57,8,0,0,0
15430,0.15339,0,0,0,0,0,0,0,0,0,197,51,0,45,36,25,42,4,0,0,0
15440,0.175366,0,0,0,0,0,0,0,0,0,184,33,1,70,52,12,34,14,0,0,0
15450,0.133129,0,0,0,0,0,0,0,0,0,206,38,6,84,33,5,14,14,0,0,0
15460,0.118744,0,0,0,0,0,0,0,0,0,206,44,0,87,45,2,16,0,0,0,0
15470,0.140623,0,0,0,0,0,0,0,0,0,181,26,3,119,69,0,2,0,0,0,0
15480,0.137625,0,0,0,0,0,0,0,0,0,169,47,0,94,90,0,0,0,0,0,0
15490,0.119172,0,0,0,0,0,0,0,0,0,196,45,0,85,74,0,0,0,0,0,0
15500,0.123463,0,0,0,0,0,0,0,0,0,187,49,1,80,79,4,0,0,0,0,0
15510,0.150581,0,0,0,0,0,0,0,0,0,162,42,1,87,105,3,0,0,0,0,0
15520,0.15153,0,0,0,0,0,0,0,0,0,175,30,1,81,108,5,0,0,0,0,0
15530,0.155722,0,0,0,0,0,0,0,0,0,178,19,1,97,80,25,0,0,0,0,0
15540,0.155488,0,0,0,0,0,0,0,0,0,176,22,3,110,67,22,0,0,0,0,0
15550,0.146658,0,0,0,0,0,0,0,0,0,190,22,0,84,99,5,0,0,0,0,0
15560,0.149047,0,0,0,0,0,0,0,0,0,176,38,1,75,100,10,0,0,0,0,0
15570,0.146464,0,0,0,0,0,0,0,0,0,199,33,2,36,102,28,0,0,0,0,0
15580,0.170637,0,0,0,0,0,0,0,0,0,178,38,0,22,102,60,0,0,0,0,0
15590,0.18488,0,0,0,0,0,0,0,0,0,172,31,0,32,90,75,0,0,0,0,0
15600,0.139733,0,0,0,0,0,0,0,0,0,207,36,0,38,92,23,4,0,0,0,0
15610,0.149002,0,0,0,0,0,0,0,0,0,201,35,0,13,116,30,5,0,0,0,0
15620,0.152265,0,0,0,0,0,0,0,0,0,192,36,0,41,80,48,3,0,0,0,0
15630,0.164982,0,0,0,0,0,0,0,0,0,165,41,0,47,110,33,4,0,0,0,0
15640,0.168621,0,0,0,0,0,0,0,0,0,180,28,3,58,82,35,14,0,0,0,0
15650,0.155403,0,0,0,0,0,0,0,0,0,178,42,0,65,75,34,6,0,0,0,0
15660,0.155701,0,0,0,0,0,0,0,0,0,180,31,1,78,80,22,8,0,0,0,0
15670,0.177149,0,0,0,0,0,0,0,0,0,167,25,2,86,76,32,12,0,0,0,0
